Building0,132,155,170,143,170,167,146,181,143,172,177,162,178,165,134,147,134,148,103,115,108,144,150,150,104,139,166,178,182,175,103,165,183,190,185,151,195,133,185,140,133,103,144,198,197,121,157,123,175,146,198,182,163,144,109,198,179,196,200,192,192,194,111,183,131,113,174,129,106,173,103,160,176,115,114,127,152,189,117,120,105,150,182,194,128,105,179,197,144,147,128,120,185,113,152,124,186,142,171,162,188,152,102,170,145,114,196,158,169,186,125,177,144,167,102,100,181,166,127,183,121,151,151,185,154,104,192,126,177,122,187,165,115,123,103,107,172,174,123,169,170,115,107,190,197,177,148,190,199,192,138,200,107,179,148,172,170,120,153,200,185,193,165,191,166,199,126,100,154,180,173,174,200,165,143,169,151,146,189,137,115,170,170,141,127,186,189,195,101,123,159,110,105,183,163,188,185,170,144,163,193,102,195,182,117,186,175,169,168,177,162,100,143,166,106,111,177,134,123,111,154,177,171,123,125,135,107,199,112,141,164,107,162,111,140,172,151,135,115,161,168,116,158,188,187,102,191,145,138,178,169,183,114,162,197,173,107,150,168,119,167,153,105,195,101,130,115,197,109,136,188,147,161,126,109,113,108,163,159,118,104,180,155,154,102,104,104,177,147,178,115,182,178,176,197,121,172,143,121,159,161,124,169,161,194,186,189,200,100,180,124,178,159,194,101,194,134,109,137,137,135,178,175,181,184,125,173,110,115,156,168,126,149,178,196,187,185,161,179,146,101,124,153,196,194,147,152,190,134,103,191,170,139,171,197,190,194,117,159,156,190,126,166,151,114,199,130,146,163,147,183,194,102,164,192,162,126,109,193,107,168,146,188,102,130,199,168,112,165,183,117,170,174,186,163,124,155,119,142,111,131,131,185,163,161,182,190,166,184,102,119,105,198,185,161,119,157,159,150,120,200,128,124,181,147,177,114,107,129,198,141,146,116,164,187,151,188,187,161,100,123,169,179,195,199,170,159,172,165,170,193,150,184,158,102,112,108,165,136,194,197,139,125,138,198,102,136,113,147,126,120,166,139,113,154,109,134,137,184,144,167,187,117,118,177,186,117,107,114,114,159,193,128,104,147,190,182,101,154,144,102,119,131,111,164,114,190,191,112,167,162,156,195,167,180,188,101,186,114,137,200,142,166,161,178,124,147,101,166,167,124,158,125,119,112,142,186,151,189,171,171,171,168,129,187,178,127,115,172,118,164,199,189,147,118,104,142,105,136,180,193,195,200,130,194,102,161,113,154,139,137,110,165,138,103,199,150,192,174,133,124,174,196,190,150,137,188,160,102,158,125,133,112,176,190,188,192,148,124,146,137,138,187,114,113,100,162,174,168,154,198,196,192,166,194,182,169,117,152,150,200,134,162,110,107,139,138,145,175,160,140,142,191,137,185,118,147,189,114,109,175,147,158,146,179,166,193,126,166,139,139,169,139,164,101,196,138,193,115,176,178,173,160,129,197,178,154,186,144,159,199,147,142,143,161,193,142,121,125,162,115,143,127,117,140,161,101,199,129,163,101,168,168,192,143,103,149,157,145,151,104,170,190,197,132,101,175,166,160,198,174,161,183,100,105,149,184,122,192,152,189,140,120,165,162,102,143,135,102,121,178,187,117,164,119,120,136,117,151,165,164,197,153,183,173,130,141,141,180,152,163,146,114,185,196,134,103,103,181,182,106,109,138,131,111,116,126,103,105,128,191,134,129,150,200,192,177,125,142,129,177,130,179,140,138,194,173,188,197,170,193,142,112,129,144,141,135,141,113,198,183,101,155,117,115,198,125,149,154,163,107,180,121,135,107,122,142,170,169,197,120,186,149,200,111,176,148,166,126,110,138,103,197,109,194,123,132,125,163,190,152,152,160,177,161,164,199,197,122,165,122,108,142,123,106,123,144,112,132,113,160,166,197,124,116,167,145,173,194,122,115,200,194,180,199,108,165,114,174,110,116,104,166,134,140,100,107,182,169,163,180,116,133,169,168,167,110,100,112,185,142,106,115,138,197,184,164,200,151,138,148,189,186,149,108,146,131,123,104,120,193,120,108,127,163,133,193,130,178,137,147,186,194,175,105,119,120,162,185,185,105,110,138,150,190,164,135,189,101,132,177,199,136,166,173,141,176,147,193,109,133,114,129,108,191,195,144,188,142,152,195,108,169,113,111,179,128,160,128,162,170,116,120,142,147,149,124,187,179,119,162,104,195,167,194,161,106,143,159,100,172,108,189,143,154,130,128,117,159,197,168,149,183,139,182,100,118,150,126,132,190,141,191,182,102,169,141,171,117,165,131,107,132,172,154,141,196,162,182,107,174,147,168,112,109,112,114,197,140,151,162,150,106,112,106,135,116,176,131,186,105,165,137,163,104,172,112,128,179,127,152,174,193,167,118,138,103,142,129,136,158,103,155,146,169,129,155,152,180,130,191,179,114,171,157,132,187,176,116,119,102,191,165,160,120,184,187,176,106,113,154,181,181,191,151,119,130,102,133,193,161,161,119,130,138,156,125,146,114,101,168,130,200,140,132,119,108,200,121,192,192,133,126,144,197,186,149,116,175,106,108,116,199,168,114,118,142,175,148,138,126,182,193,171,172,110,114,120,122,144,113,131,148,155,151,120,137,165,123,116,105,159,199,174,144,112,190,152,112,110,167,196,150,139,164,141,157,123,177,158,102,165,107,159,160,183,160,170,124,146,146,121,143,142,185,139,190,161,132,187,168,150,127,173,180,166,165,113,112,117,133,120,113,147,158,191,116,179,185,120,112,104,192,153,110,144,197,200,168,163,187,120,130,149,174,150,157,111,146,151,107,133,112,194,172,161,168,147,144,116,154,151,169,149,112,195,127,119,130,119,110,195,149,115,180,172,129,174,141,147,188,158,161,137,149,135,150,161,101,142,137,134,159,137,148,149,165,174,193,129,148,168,135,104,124,159,124,154,109,194,195,180,159,119,146,163,175,182,121,186,121,189,121,129,199,124,145,125,107,165,159,180,112,153,131,184,185,195,178,164,158,151,120,111,129,170,190,193,141,172,136,109,184,137,157,124,140,126,149,109,195,149,104,141,147,132,186,200,179,124,163,191,174,178,102,153,187,174,173,144,168,108,187,172,150,188,163,104,134,129,152,146,179,130,106,189,182,144,180,107,173,200,195,135,126,170,147,162,142,128,109,119,126,179,127,182,193,144,108,103,168,158,163,144,113,145,135,196,198,161,109,188,125,100,107,103,144,186,157,191,169,117,124,103,172,176,189,134,113,109,156,166,104,141,117,170,165,105,123,184,186,130,200,180,106,147,121,174,157,154,137,175,164,150,185,167,159,179,166,170,140,200,170,103,105,191,152,139,139,192,120,179,121,157,147,122,180,177,143,103,130,161,136,111,100,152,138,141,198,109,195,136,116,112,190,153,101,158,176,120,169,196,161,184,121,182,106,159,196,148,105,171,132,161,196,115,200,200,124,165,171,132,112,162,154,105,123,100,110,177,164,166,163,103,172,134,189,138,185,112,151,168,131,102,134,120,160,112,188,143,128,144,137,106,176,154,167,105,160,180,110,174,167,139,173,174,125,194,127,197,173,191,197,130,152,119,161,122,105,106,128,183,161,148,140,113,185,200,150,126,121,144,141,110,169,191,143,150,137,166,122,143,120,125,173,138,129,170,127,143,149,133,160,142,167,173,139,118,131,155,115,144,135,127,196,168,183,178,129,186,160,111,190,195,194,110,132,118,108,154,114,165,123,123,174,144,153,141,128,128,142,163,142,137,169,168,166,198,159,135,147,200,143,105,198,173,186,189,148,156,196,120,181,179,125,184,158,197,157,109,132,134,152,200,160,141,200,107,168,149,195,126,124,107,191,149,150,160,153,165,133,152,139,147,118,160,192,149,151,180,115,135,176,187,174,109,127,147,159,149,145,123,197,132,116,192,179,176,115,164,196,193,116,182,118,160,163,109,146,173,178,113,124,113,176,135,164,184,145,172,117,134,166,125,184,177,137,150,151,104,150,151,146,174,116,197,113,137,161,169,192,111,159,178,190,196,130,107,162,181,155,108,187,148,112,145,186,166,135,109,112,124,124,133,103,196,158,172,197,119,151,121,139,119,143,150,136,180,130,132,145,151,200,137,102,176,136,161,120,173,155,126,183,139,198,166,113,152,129,158,119,190,116,159,150,162,139,193,149,195,134,173,179,129,159,128,143,127,130,145,112,159,137,124,187,176,199,114,127,103,155,134,161,196,184,109,196,105,120,141,196,108,199,172,105,168,122,177,162,115,144,128,137,110,189,164,196,116,142,109,196,116,107,187,108,111,171,163,200,163,173,179,108,152,191,197,176,138,192,151,153,135,120,186,108,193,180,139,186,176,183,182,117,148,156,189,182,169,175,109,169,163,150,159,152,124,194,128,162,178,176,107,155,110,117,134,125,184,161,138,145,116,126,117,166,194,183,161,127,148,147,193,166,142,153,152,103,157,120,147,115,100,114,179,172,188,101,199,140,117,163,171,134,189,173,114,108,121,128,110,148,192,166,116,108,199,156,149,124,177,148,150,106,122,131,115,197,146,149,191,178,163,177,162,154,121,114,184,134,185,168,139,138,165,119,197,124,179,181,178,112,136,130,133,153,188,158,103,178,178,101,152,115,165,164,185,104,173,151,137,155,161,109,199,103,193,189,115,171,144,188,139,198,117,107,132,194,192,170,192,110,146,190,118,189,153,193,156,186,193,183,154,119,118,170,145,119,183,114,164,106,198,157,144,171,145,149,165,152,199,135,144,180,124,176,120,106,112,145,199,183,155,179,190,122,145,112,164,196,180,197,175,181,107,198,188,193,194,134,108,105,125,158,107,139,127,188,135,120,181,100,137,166,190,183,148,149,176,146,173,121,183,143,137,161,141,167,139,185,185,111,192,199,151,162,156,102,159,101,155,189,179,173,142,157,189,112,157,183,122,135,109,171,180,189,131,134,106,102,199,144,100,106,155,124,136,100,187,159,110,183,102,131,108,137,180,115,170,117,104,173,160,179,149,123,198,147,137,134,150,112,131,152,186,192,183,156,192,174,128,161,130,197,147,133,198,133,200,139,174,169,155,148,138,192,131,198,151,125,117,191,197,114,106,109,145,197,121,191,168,147,123,118,110,184,200,192,198,189,128,109,179,189,175,174,145,166,117,102,105,146,141,146,169,161,148,131,147,168,178,118,182,101,144,187,179,113,145,107,143,115,195,170,136,122,194,151,193,200,194,174,187,145,155,110,199,143,123,118,141,142,200,179,100,196,135,165,119,191,126,143,163,177,128,181,172,182,105,190,129,198,158,150,163,168,190,164,110,170,174,165,140,105,118,122,171,114,119,117,106,102,109,118,138,196,151,153,170,163,124,152,163,165,180,184,128,192,137,146,152,123,145,158,157,187,147,191,159,127,163,168,190,190,153,111,155,191,107,151,133,182,177,154,123,132,184,157,109,113,133,150,171,157,108,148,124,142,109,177,161,161,193,131,148,168,147,150,136,198,186,133,194,168,121,126,120,177,130,123,162,174,124,174,122,153,150,149,135,177,168,121,193,165,127,192,182,183,161,138,126,195,103,132,161,144,119,114,118,170,171,141,128,124,169,137,108,160,182,186,135,140,156,103,119,152,159,157,171,141,154,115,156,165,150,165,137,144,139,158,165,100,123,174,192,113,102,138,169,192,163,183,182,111,195,156,145,138,162,106,140,128,134,110,108,142,187,174,161,121,154,187,162,142,166,184,130,177,181,160,132,133,167,199,134,159,110,193,190,149,161,191,180,152,164,119,141,117,192,139,119,118,120,199,128,113,145,149,128,158,169,170,135,123,156,117,115,142,158,119,181,168,173,116,107,127,197,107,178,192,166,196,154,137,128,104,168,150,192,140,191,167,130,182,182,198,117,117,136,197,139,166,171,173,112,200,168,173,193,143,151,104,175,131,174,159,126,149,186,111,116,135,140,149,183,129,119,121,133,156,115,120,139,186,161,152,154,120,195,175,169,187,101,108,103,135,178,121,175,165,127,162,187,161,133,156,158,195,178,118,175,108,117,125,154,124,105,133,144,200,165,101,101,184,178,158,143,118,181,165,121,102,188,194,176,160,178,158,133,107,153,129,144,191,167,136,174,122,152,194,194,127,148,148,132,194,189,182,173,131,144,195,163,147,157,191,103,196,195,185,110,176,136,190,113,158,142,193,148,151,102,159,109,156,161,195,200,149,150,123,112,102,137,156,160,180,164,145,121,110,141,187,120,147,146,108,178,192,112,159,165,154,155,119,155,168,124,132,182,111,118,193,129,176,173,147,127,137,136,197,108,135,182,146,117,156,130,192,106,182,111,172,130,120,158,185,103,141,169,137,187,187,187,138,198,142,184,135,102,121,180,185,127,180,131,154,169,141,140,183,191,104,148,171,117,147,165,147,196,147,120,107,123,158,199,177,183,158,200,170,181
Building1,167,110,137,163,190,168,200,168,123,151,141,102,162,112,153,189,125,131,180,118,136,123,173,193,188,125,195,197,162,101,151,172,180,110,190,185,141,191,163,140,143,197,191,159,170,101,181,139,176,110,115,124,180,144,108,191,129,188,177,193,180,170,117,132,115,196,167,103,145,197,196,189,111,130,179,143,166,146,135,126,128,158,164,170,168,142,176,135,193,172,171,189,191,114,199,118,140,190,150,137,169,134,197,130,168,117,157,179,150,162,122,137,134,150,134,112,153,195,183,164,140,184,157,131,116,138,170,118,153,194,184,127,176,170,193,186,159,116,165,197,177,184,152,185,166,110,151,175,124,108,169,197,126,117,168,112,171,157,183,147,173,131,116,100,162,150,158,177,199,191,141,183,156,107,130,189,196,131,188,182,163,108,103,108,162,185,112,197,146,184,193,160,117,102,181,104,184,112,177,148,140,102,161,135,179,166,196,152,188,131,165,114,162,187,118,158,130,192,165,184,168,171,130,133,196,174,151,143,125,111,166,104,102,181,103,186,148,172,165,175,137,126,169,184,128,189,176,120,152,157,136,178,167,114,102,158,104,110,187,152,127,124,116,194,144,120,109,162,105,148,192,104,174,101,103,151,126,144,199,150,164,124,200,151,158,152,157,164,133,175,167,169,171,172,140,125,157,101,188,165,117,183,141,138,167,195,155,108,197,101,158,118,124,101,195,172,107,195,136,132,167,172,104,113,191,191,180,161,199,157,174,190,130,190,139,117,157,123,162,162,130,119,194,195,135,137,138,195,149,120,170,148,109,160,159,167,165,157,174,133,141,183,196,180,108,108,194,117,110,124,146,107,112,196,192,120,114,139,180,118,187,142,172,135,132,118,178,114,150,111,132,179,151,123,149,193,151,197,197,198,155,163,180,146,180,103,118,105,191,158,112,175,158,164,156,133,140,187,149,188,160,172,146,147,134,113,186,119,160,170,178,163,124,108,183,141,158,192,197,140,166,106,172,144,193,124,143,162,109,180,200,117,127,169,160,100,147,124,114,101,187,195,159,137,134,109,177,185,142,183,122,135,180,165,186,185,145,172,147,200,126,121,126,193,160,191,177,176,158,142,154,195,102,136,126,149,117,100,121,127,147,124,119,109,130,100,131,126,116,185,157,187,135,193,181,199,163,191,118,170,146,143,103,157,172,100,145,108,127,116,149,123,184,190,110,120,122,189,137,110,197,169,174,169,112,133,170,139,184,155,109,184,110,178,166,120,194,197,139,103,165,106,166,119,130,153,146,167,186,145,168,101,165,130,177,106,168,130,176,147,125,119,169,136,193,175,127,159,159,120,182,157,170,119,156,162,141,196,189,109,180,120,195,163,123,141,175,196,103,116,183,152,113,200,129,153,191,119,110,103,124,190,109,188,187,167,151,111,153,143,153,145,116,167,140,112,168,161,200,139,105,138,196,112,133,187,106,106,129,129,104,153,146,104,186,193,194,173,183,191,125,164,197,156,144,143,151,178,149,185,167,186,123,154,141,137,126,132,115,143,117,191,123,164,165,107,144,175,105,198,185,192,139,136,131,135,156,103,100,174,167,166,141,127,121,179,123,118,179,200,170,157,171,154,152,178,170,181,137,154,188,150,159,133,194,144,131,137,175,167,193,148,163,163,158,114,172,175,176,145,195,104,136,165,153,190,188,170,134,122,176,168,140,185,132,109,175,120,168,169,160,138,168,113,131,177,156,139,114,196,100,135,181,170,152,112,165,105,196,151,199,199,141,182,196,192,191,178,162,105,106,105,192,167,146,188,150,177,110,129,121,158,110,128,121,178,163,112,119,166,103,101,107,190,177,114,118,179,134,167,150,185,189,186,191,186,136,102,139,112,174,112,124,122,169,111,125,194,185,155,148,152,193,133,152,174,103,175,160,139,184,112,140,124,140,111,176,157,151,116,118,158,153,178,123,123,191,132,115,110,102,197,192,132,113,191,143,132,138,116,192,166,116,107,176,185,116,186,149,130,119,158,107,188,151,170,154,158,123,124,118,195,142,104,183,142,133,180,155,122,107,143,171,181,153,180,177,161,123,133,167,192,199,102,171,134,127,142,134,105,128,104,122,198,100,109,180,191,190,196,125,102,135,197,158,181,139,117,181,157,137,134,175,109,131,175,132,108,198,184,102,139,149,106,184,188,123,134,196,154,134,177,142,149,150,136,165,152,131,121,120,178,121,124,110,103,170,134,157,189,127,119,192,132,104,125,193,177,106,183,133,175,200,180,124,187,186,144,188,148,187,137,150,107,176,145,137,187,151,158,171,124,179,198,137,115,146,183,184,189,200,178,127,108,179,141,119,136,119,167,162,195,131,104,133,117,115,136,173,192,107,148,134,198,115,182,123,105,111,100,114,112,106,135,195,112,177,166,116,165,163,121,156,107,186,150,195,105,148,150,147,185,136,196,115,152,147,124,154,122,171,103,113,110,174,159,199,151,113,126,169,128,124,193,199,190,117,144,157,132,191,184,187,139,155,132,190,195,148,195,159,114,140,113,155,184,189,154,170,197,124,186,178,156,162,143,171,130,165,157,175,127,105,156,110,147,169,133,167,128,128,185,165,104,105,106,150,187,191,118,105,198,200,195,155,189,153,140,106,143,107,167,112,141,103,171,159,118,196,129,102,148,153,133,121,119,191,154,124,133,183,173,182,163,112,144,191,163,166,143,120,171,162,165,195,182,135,122,188,188,118,165,183,160,163,111,159,177,117,140,117,156,199,177,124,108,149,150,121,113,112,139,105,108,137,117,180,115,173,179,128,164,164,153,140,197,106,105,125,112,168,107,100,162,196,149,174,130,140,185,117,197,149,197,197,164,115,162,118,137,129,116,128,179,193,182,117,102,137,200,190,131,129,154,172,130,115,143,113,115,151,118,133,141,188,163,154,147,175,171,111,110,175,103,126,125,151,107,107,134,105,164,154,133,121,166,102,194,183,170,118,146,190,111,154,180,197,178,133,200,158,124,142,134,133,172,162,149,133,174,161,105,135,167,192,160,151,117,153,144,113,132,165,104,174,192,134,166,100,176,167,171,174,124,159,184,180,132,192,139,115,142,141,100,126,154,187,114,197,191,167,151,104,176,171,110,119,132,151,106,184,114,110,188,106,175,116,174,167,194,112,195,186,117,174,184,177,116,153,179,140,191,182,176,189,158,102,106,158,112,180,197,186,169,120,108,173,142,170,143,123,162,151,194,109,166,193,179,120,166,173,157,159,178,147,121,177,137,105,114,137,188,102,189,156,149,164,114,163,138,115,175,179,136,128,147,188,136,151,129,127,158,153,143,119,180,175,187,149,182,125,183,121,184,102,147,161,109,120,126,114,107,151,128,196,134,161,178,110,108,127,143,186,170,171,186,199,134,188,142,121,150,169,173,127,175,155,138,136,200,110,129,197,156,189,176,150,108,115,122,183,184,198,174,197,160,159,113,113,164,186,176,141,164,144,122,111,166,104,100,149,122,124,193,119,166,101,121,168,111,176,115,180,104,182,152,115,175,192,101,185,133,158,122,166,184,123,127,133,136,143,165,114,120,100,112,167,186,120,195,103,193,146,151,183,170,162,149,155,114,179,185,127,130,138,179,119,162,172,188,199,117,113,144,174,122,115,168,110,111,124,151,192,155,102,196,130,104,138,123,151,175,135,192,194,141,163,126,197,181,147,155,129,189,119,132,115,158,199,132,112,116,156,141,135,158,117,167,170,182,146,159,114,189,173,102,197,162,111,130,149,196,141,121,167,104,178,108,113,184,139,102,191,135,154,139,120,116,183,138,151,137,129,178,166,143,159,119,144,193,109,126,142,112,200,159,143,180,144,131,171,193,181,157,168,175,168,165,151,154,117,100,167,112,111,172,170,177,151,168,108,135,177,117,116,175,132,119,104,179,151,162,153,172,176,188,146,126,193,174,116,118,112,183,192,176,100,161,177,138,172,140,139,161,183,191,135,113,121,162,132,193,124,172,136,149,148,114,127,135,140,175,107,173,191,108,132,162,137,180,165,159,133,193,118,190,190,149,131,155,168,199,161,128,185,197,181,152,119,112,104,190,162,184,166,168,190,109,177,137,138,107,130,155,163,151,162,191,197,138,177,130,111,111,146,158,190,193,197,160,109,157,151,104,141,107,104,132,119,136,174,149,101,177,128,162,159,126,182,116,107,193,101,121,191,108,163,156,108,148,129,140,178,138,200,138,168,161,194,107,130,133,199,125,154,180,145,155,104,168,193,171,168,167,104,194,146,186,193,196,109,176,187,154,145,137,157,107,161,116,161,166,198,133,145,189,123,147,158,124,179,155,108,167,196,183,113,157,107,183,184,168,120,190,148,121,200,125,122,135,129,115,199,147,164,149,200,111,109,105,181,118,116,119,140,158,123,115,118,159,143,104,185,153,188,123,183,131,117,106,162,193,199,140,127,182,187,143,176,113,110,137,124,152,189,172,109,118,183,152,169,143,166,194,177,190,196,198,144,121,137,100,155,175,191,121,155,200,182,115,108,130,177,102,105,200,126,151,165,125,101,183,131,107,109,119,172,143,118,200,193,175,200,158,149,195,136,125,142,145,155,169,170,150,197,122,132,155,137,200,160,170,102,179,130,111,106,125,181,196,188,122,198,119,134,195,174,119,149,192,164,178,188,165,171,126,196,103,194,189,146,138,198,129,112,145,141,174,110,138,191,112,104,134,108,172,150,140,184,184,122,137,145,124,158,142,142,183,195,181,175,109,151,157,151,173,158,122,194,151,107,152,111,128,138,184,133,155,150,160,171,188,107,154,176,146,190,123,156,192,100,196,123,193,144,176,104,149,140,120,116,189,101,106,176,196,135,116,189,136,177,172,109,135,110,180,108,111,124,160,198,155,196,185,128,192,106,170,161,158,193,175,123,144,166,189,149,134,183,121,190,134,112,197,153,192,175,151,194,125,174,106,188,122,131,131,108,186,156,128,100,162,195,122,130,106,147,105,131,182,187,168,156,112,106,180,162,180,176,141,190,138,156,128,119,113,122,180,149,123,106,133,144,135,192,170,116,142,179,187,142,118,150,138,154,101,132,114,116,138,149,185,142,187,125,180,185,174,162,106,151,117,131,128,139,135,194,113,179,154,126,158,175,136,199,124,130,148,130,193,156,123,101,146,119,161,159,107,116,129,183,134,100,126,156,124,186,143,118,145,170,141,158,134,136,116,181,107,159,191,100,140,185,116,185,161,110,151,176,186,180,193,178,103,171,128,131,193,136,132,150,167,182,160,132,164,173,187,173,124,177,183,184,190,179,175,166,182,121,200,126,102,129,180,115,158,127,154,183,175,176,107,169,143,124,167,121,131,191,105,159,124,193,196,183,166,116,123,136,114,142,183,191,187,123,193,150,111,112,125,150,114,102,147,167,181,140,145,152,192,115,143,125,151,133,136,167,167,110,192,182,142,103,187,174,108,105,130,133,118,114,179,131,186,191,137,139,151,163,192,178,167,136,127,135,154,103,143,122,108,153,141,161,159,155,179,102,172,142,149,109,192,151,161,167,189,102,116,129,160,109,105,185,179,119,105,124,165,129,158,135,145,169,190,200,139,121,159,188,189,195,115,194,186,173,164,125,123,175,105,130,102,167,101,148,179,117,108,167,151,117,165,110,139,163,110,161,101,115,164,159,158,141,172,153,117,145,187,184,183,187,187,158,123,169,199,134,181,125,135,188,137,108,163,177,127,116,151,189,146,182,184,182,121,189,128,179,124,148,111,155,145,169,154,159,129,156,180,163,149,170,127,112,168,105,145,126,175,147,149,129,131,135,154,133,168,145,194,172,186,158,134,120,107,106,161,177,171,131,189,127,161,186,117,109,140,180,168,120,195,139,179,164,129,187,157,113,112,194,151,163,133,102,130,135,120,103,154,162,100,132,143,137,117,175,179,157,103,179,107,195,124,112,177,134,130,152,196,195,131,119,116,139,123,112,186,120,121,157,185,105,197,155,133,156,190,151,174,134,119,108,112,188,122,140,183,181,165,196,161,196,115,169,195,112,191,163,118,100,154,164,120,106,138,159,181,196,148,126,146,115,127,199,181,133,146,192,175,175,121,124,173,188,148,108,131,108,179,122,162,187,120,200,157,106,128,131,181,137,159,196,122,133,124,189,145,141,198,196,105,173,111,181,126,142,109,120,155,160,198,165,187,161,193,128,126,177,169,167,102,151,121,168,187,164,135,179,129,168,200,160,157,102,106,199,186,148,169,167,155,196,114,193,116,153,179,132,116,113,184,114,132,171,128,200,177,119,171,161,109,114,139,145,116,182,141,171,162,166,124,170,168,169,172,136,197,184,139,123,172,133,156,195,159,185,127,158,106,104,149,170,153,136,180,121,170,135,173,147,142,168,106,149,200,140,112,169,124,102,196,123,129,183,183,100,200,129,108,110,124,197,149,155,131,146,129,107,183,155,168,133,182,132,156,131,177,136,104,130,193
Building3,145,122,106,134,165,159,103,187,105,114,121,138,185,109,173,162,175,125,142,127,185,144,149,194,183,194,197,166,113,125,193,195,151,200,126,188,104,171,186,158,125,190,142,111,168,142,166,195,129,115,136,117,197,178,177,176,178,145,147,103,106,190,187,188,169,130,122,133,109,173,139,138,197,146,123,143,166,185,125,175,162,190,108,106,159,109,145,119,107,115,172,100,177,155,153,198,130,199,175,183,168,190,117,162,101,169,138,161,134,100,119,140,171,196,120,170,141,112,125,190,111,154,159,156,191,142,102,100,157,168,168,147,130,129,105,137,135,127,118,199,143,144,114,158,116,100,103,173,156,197,170,180,169,112,113,138,185,146,143,164,153,161,117,120,129,115,125,181,177,149,131,114,159,116,157,123,129,103,134,174,137,102,133,153,169,110,146,171,174,184,190,105,149,179,171,134,186,101,133,149,120,180,199,109,104,124,125,125,168,163,116,147,119,132,158,164,107,168,165,128,162,188,146,127,145,152,109,101,160,111,138,147,109,135,155,197,138,176,127,103,177,152,158,192,116,109,125,194,117,196,124,101,158,121,142,133,105,135,170,182,147,142,200,195,149,176,109,178,109,188,173,180,104,113,139,108,119,124,158,120,176,193,112,178,151,122,171,137,122,113,195,111,157,173,128,166,115,136,131,183,111,150,126,152,144,154,115,105,187,148,195,145,106,114,194,123,167,111,154,185,125,145,103,135,151,179,193,124,119,167,190,137,150,132,113,132,115,148,140,151,198,111,103,113,162,157,125,102,153,193,144,192,113,194,196,193,181,147,180,193,113,107,170,126,144,167,126,111,133,155,190,106,159,117,117,165,111,144,195,143,179,185,128,120,118,179,119,180,151,123,167,118,130,111,152,135,105,115,129,198,139,165,147,195,112,181,139,157,169,114,189,163,141,189,148,159,122,108,179,128,177,120,115,112,175,120,176,179,103,105,106,104,105,194,159,154,140,113,123,192,198,158,163,189,100,177,101,167,154,149,124,133,173,110,169,126,112,141,110,171,115,164,100,110,150,109,111,128,158,109,104,111,187,106,112,133,182,174,190,155,196,171,137,142,192,133,182,105,169,188,168,161,107,193,167,117,162,172,129,179,141,176,146,178,143,158,141,110,147,161,170,117,125,174,180,103,137,185,144,115,104,200,108,140,196,121,157,114,167,178,132,147,129,190,152,158,108,184,175,120,103,150,179,198,198,140,102,190,114,137,194,137,181,190,173,185,134,199,102,116,128,189,146,154,105,162,121,121,192,140,104,170,104,164,141,114,136,160,191,126,197,200,122,161,155,186,192,119,106,122,123,134,193,192,148,114,150,112,180,157,104,189,126,173,162,164,123,169,104,117,102,105,134,104,178,120,109,184,113,152,176,165,122,199,195,178,177,157,148,131,108,123,127,121,148,101,192,135,115,176,175,148,197,146,173,169,192,118,182,136,126,163,138,124,123,160,121,118,176,105,121,190,177,150,126,173,137,188,147,168,178,115,108,133,124,117,147,146,126,170,122,154,105,181,108,167,176,146,166,188,112,195,163,198,192,200,130,134,120,196,112,113,182,123,119,176,169,148,155,196,129,114,177,166,134,113,147,192,128,183,149,192,164,147,190,120,180,165,196,180,159,150,146,136,198,164,150,141,113,194,150,130,136,129,108,122,131,161,146,165,141,193,147,185,190,150,136,160,125,100,194,176,136,179,196,131,155,141,144,194,127,123,146,135,162,155,130,187,131,160,198,193,107,186,172,115,135,108,131,146,164,148,161,103,136,199,173,183,147,133,198,107,133,180,164,111,145,175,112,176,108,155,195,170,155,186,171,153,193,105,167,119,137,133,190,186,132,106,188,137,174,182,188,185,126,105,126,197,115,170,131,127,116,199,193,176,153,152,132,198,153,161,120,108,174,164,119,160,114,133,176,109,128,104,191,138,184,189,115,102,173,154,141,160,153,181,122,160,197,113,183,137,200,125,123,134,159,129,128,151,185,177,186,133,105,166,136,160,155,177,133,100,179,110,142,108,151,113,189,109,140,101,188,191,188,100,124,116,154,150,105,113,143,166,170,149,179,130,157,164,108,112,182,121,199,108,187,198,137,135,197,171,127,130,171,156,160,103,157,184,162,144,178,188,199,130,186,141,138,114,197,144,102,114,185,121,110,195,167,162,141,109,166,166,177,115,199,180,198,104,121,123,183,143,125,153,140,103,100,195,145,196,142,158,108,116,184,154,190,158,192,125,175,117,163,139,145,165,152,182,108,200,180,147,129,141,101,196,101,183,142,135,151,107,131,145,122,126,181,195,194,108,147,156,174,121,169,110,172,113,152,134,154,132,124,157,140,124,162,195,132,162,163,172,136,175,154,195,152,152,178,172,120,131,133,184,193,100,176,163,192,187,150,185,137,172,101,141,132,198,151,121,103,196,195,134,171,154,186,199,119,195,186,191,178,109,177,179,113,133,122,140,159,111,104,150,152,198,178,139,144,117,117,131,177,115,136,168,183,116,117,123,148,186,108,115,186,173,153,133,159,181,192,174,177,195,185,162,135,188,117,169,125,199,119,199,157,103,142,194,170,159,100,190,198,107,115,100,191,179,110,200,169,164,156,163,173,120,155,164,154,103,165,132,137,101,174,128,133,175,126,113,170,173,127,195,167,190,116,122,130,116,112,103,116,185,106,176,169,135,186,146,108,188,196,171,176,104,167,101,121,125,185,127,164,168,122,182,173,118,130,115,113,103,129,133,182,147,191,110,158,154,184,158,155,186,146,136,166,102,199,144,116,175,128,190,187,135,155,167,125,146,126,183,176,187,193,176,138,130,137,136,117,153,105,193,151,178,144,104,143,128,172,184,164,192,138,159,149,182,107,116,199,183,105,112,179,113,158,131,134,197,186,100,107,138,159,150,114,133,125,193,178,192,108,118,108,107,154,101,170,104,125,154,102,142,155,112,111,185,198,112,140,117,150,140,110,165,154,117,132,162,131,178,193,186,160,164,177,173,124,107,110,107,139,139,103,179,197,103,146,138,132,120,138,192,107,170,194,147,169,194,117,135,180,175,153,147,166,100,126,152,157,111,182,169,182,173,155,100,122,117,131,155,167,158,181,109,142,108,127,117,170,192,160,184,169,117,189,102,104,118,130,194,159,121,108,175,152,148,180,169,146,121,116,188,139,174,127,168,132,184,158,129,113,174,150,148,116,138,120,166,116,100,156,179,127,182,174,163,105,185,172,105,185,140,186,139,112,102,120,128,173,165,131,115,194,121,131,159,101,194,122,200,106,113,157,196,182,149,103,156,122,148,150,162,143,178,112,183,184,102,139,142,179,131,192,165,158,147,132,146,158,116,123,112,178,163,167,110,187,172,192,112,185,140,176,173,193,150,189,198,126,126,132,155,170,146,178,190,128,112,189,150,194,184,169,193,146,151,121,106,123,130,120,169,126,177,112,106,144,164,125,125,101,171,164,181,162,157,146,107,119,156,106,121,138,124,177,150,193,174,123,106,122,169,157,136,179,133,165,120,106,156,150,111,133,158,175,124,118,187,138,144,126,129,151,137,165,154,172,128,191,121,121,153,158,123,195,110,175,185,148,163,160,130,170,154,122,186,149,181,123,100,114,124,141,176,156,118,119,152,123,191,167,192,167,139,117,115,139,110,159,145,106,152,140,119,173,182,121,148,119,136,134,182,117,151,115,113,138,148,156,134,115,128,156,114,181,181,110,200,134,192,122,144,177,191,169,188,178,185,177,198,130,200,183,118,164,170,163,188,177,108,174,165,135,169,159,149,124,114,178,154,196,164,134,111,159,109,144,126,129,192,126,172,191,110,103,119,183,169,112,152,124,186,167,159,105,109,195,126,143,187,184,188,118,142,142,127,121,170,157,154,147,189,133,139,116,173,190,146,181,141,156,165,175,145,130,135,103,175,179,187,152,103,166,190,120,158,111,152,152,121,121,155,116,184,121,179,140,110,176,162,142,112,102,200,127,166,194,195,118,111,116,140,145,106,190,136,143,183,122,163,127,178,159,118,148,190,150,178,180,195,193,181,103,159,170,188,192,185,162,129,150,170,147,196,124,165,174,147,164,140,117,164,164,159,148,159,186,151,161,195,133,132,178,160,106,158,173,150,122,123,110,130,186,145,171,191,171,150,177,116,127,129,122,152,129,153,165,158,128,163,158,167,139,154,127,103,183,130,193,188,192,163,117,145,156,200,112,181,161,142,192,114,188,181,197,171,132,111,140,127,148,110,179,144,193,129,148,144,109,183,104,144,101,199,123,128,170,124,174,129,194,118,135,115,154,135,113,134,113,160,130,187,175,142,131,156,162,123,115,120,198,107,146,181,151,100,107,109,151,123,163,131,135,150,127,133,119,100,142,190,130,177,199,105,116,135,154,145,194,133,172,154,164,200,100,177,147,157,180,141,146,178,138,139,126,109,168,129,103,137,177,182,161,198,136,112,178,133,166,116,183,111,100,143,117,132,164,101,164,197,151,140,160,200,193,190,165,117,171,158,171,160,190,158,101,142,113,198,197,147,139,173,118,176,106,151,119,187,156,106,188,157,101,160,176,117,192,101,154,117,186,119,101,114,176,158,191,134,180,181,129,117,196,196,106,111,153,185,198,198,124,161,170,175,185,136,114,134,136,118,146,174,115,184,127,146,109,168,178,150,177,119,168,150,136,157,139,140,175,115,106,150,156,164,104,122,119,174,197,170,109,192,167,157,117,148,111,112,200,200,114,173,124,162,105,108,109,177,151,193,183,148,172,102,184,151,188,142,144,112,100,187,191,160,146,110,182,176,184,189,194,122,122,199,194,179,129,170,177,113,140,116,154,168,132,128,123,144,120,150,198,166,147,185,168,172,147,100,137,155,181,108,163,171,194,179,135,158,102,145,163,178,107,196,152,141,168,161,117,147,131,186,159,131,155,183,148,177,178,160,112,198,176,170,170,184,103,177,160,161,152,126,196,180,152,191,194,169,130,120,134,133,167,118,194,164,161,117,132,187,100,150,176,117,184,177,130,141,123,170,194,142,146,185,164,149,193,140,192,151,173,106,112,150,109,148,142,157,196,122,141,172,176,152,158,117,143,121,116,125,113,173,181,100,195,130,133,150,187,108,143,142,131,158,179,106,133,153,136,191,143,145,113,150,108,200,144,110,178,122,111,162,151,162,193,140,107,134,200,164,178,139,120,195,139,188,115,113,143,193,124,177,139,139,141,169,193,144,122,193,134,108,150,124,131,174,110,149,147,136,179,141,158,117,120,125,178,134,159,189,168,152,168,184,166,144,161,173,137,127,116,102,152,134,158,198,104,182,187,191,184,184,150,197,149,158,153,182,119,130,197,186,163,157,157,129,140,147,161,158,121,145,164,108,199,171,177,196,109,145,142,109,116,159,134,157,119,150,106,134,175,150,112,179,185,152,173,102,166,115,190,172,121,131,178,120,178,163,147,167,109,179,187,152,189,128,105,120,183,175,165,106,115,156,101,184,166,103,195,122,159,198,110,142,161,186,127,150,195,113,174,169,102,146,128,187,189,119,174,188,144,165,193,145,112,149,176,168,130,196,162,141,174,153,150,115,196,144,122,191,186,119,140,183,130,173,199,132,125,169,173,155,167,173,103,163,153,132,158,151,102,163,192,176,162,175,200,153,129,107,138,195,166,137,153,191,121,121,197,145,165,177,103,177,155,138,157,161,160,158,185,112,188,164,130,170,150,172,137,145,128,160,167,198,153,172,116,191,131,147,160,181,130,170,100,145,110,158,126,101,142,173,129,172,166,173,191,146,131,199,180,147,131,196,122,185,137,199,122,182,108,135,105,118,171,123,194,183,120,135,136,122,130,129,160,183,176,191,193,147,178,179,169,139,130,173,187,190,105,196,199,116,103,198,121,175,175,146,156,160,184,171,145,125,123,134,166,190,153,163,127,112,141,175,147,200,138,152,171,170,196,195,193,174,127,130,101,176,103,197,199,191,171,104,120,179,177,142,145,168,111,174,132,128,190,113,105,187,148,169,119,129,180,104,183,166,157,160,153,109,153,145,168,168,199,149,150,121,194,120,183,164,174,163,188,130,200,107,136,123,170,194,114,176,200,137,157,195,169,196,189,132,178,148,164,147,195,200,114,141,117,122,194,129,143,134,136,184,121,192,103,167,155,198,167,155,139,129,111,151,101,100,147,161,124,174,160,130,155,131,144,147,143,171,185,136,130,193,191,127,178,138,179,175,165,112,194,198,199,141,147,182,170,187,124,150,175,138,177,198,134,174,139,137,166,168,151,148,140,151,167,179,116,192,165,149,154,187,183,195,106,188,192,143,179,123,152,198,161,100,107,144,149,185,152,103,175,183,163,170,153,118,113,107,141,104,188,158,159,192,116,105,150,136,168,142,106,119,140,148,184,114,198,103,180,142,186,130,132,107,163,188,190,188,199,102,113,147,181,172,103,122,113,105,154,171
Building4,125,168,144,175,139,109,151,193,104,110,157,177,173,110,156,192,150,132,198,145,170,110,150,199,173,149,151,196,120,173,200,189,136,101,100,140,117,157,122,197,119,174,183,200,103,131,191,111,132,161,192,136,100,184,182,142,142,115,109,185,118,134,146,158,182,140,186,197,188,153,185,116,112,135,199,114,138,161,171,150,178,135,105,123,110,178,159,177,110,196,165,192,149,131,150,130,181,114,164,164,118,102,176,173,102,104,166,180,143,165,190,158,147,128,150,124,190,171,151,120,104,158,155,177,187,143,171,111,141,117,146,143,117,116,178,136,169,118,105,139,161,184,114,136,181,200,159,134,183,131,107,172,121,126,166,109,105,199,180,131,119,124,112,125,199,141,150,174,169,143,138,127,121,144,171,178,185,142,186,198,136,140,151,198,194,127,187,101,198,162,176,119,171,117,194,103,199,109,160,101,193,190,196,136,185,145,142,117,176,177,128,163,128,187,146,102,146,136,122,176,150,121,104,156,192,149,167,132,103,178,200,104,110,111,154,185,136,117,152,114,154,134,171,184,199,101,115,117,100,156,110,193,158,127,106,118,136,116,165,107,108,129,102,148,115,120,128,106,179,143,100,180,116,199,183,117,127,143,185,157,173,129,197,178,190,137,144,132,115,166,119,138,141,127,168,154,194,184,180,114,192,138,180,123,155,170,145,108,198,160,173,194,172,141,179,161,194,120,194,108,178,184,128,120,176,189,164,109,119,100,143,156,190,147,190,199,146,168,100,124,148,182,170,137,200,111,122,106,111,146,191,192,191,102,133,190,154,122,174,123,139,136,183,136,182,101,183,195,170,157,144,148,153,126,199,141,111,150,144,198,153,180,135,154,174,154,138,123,120,107,151,154,131,169,190,175,175,182,164,153,126,121,147,127,198,190,176,178,153,147,163,123,151,147,195,183,126,116,122,126,120,117,130,192,129,109,160,180,154,176,181,128,176,145,189,193,114,129,146,140,149,199,149,163,171,130,131,196,132,132,182,173,110,128,162,196,184,146,161,116,166,164,162,100,108,100,139,157,110,112,193,187,130,176,146,104,193,139,114,190,147,144,119,163,183,100,131,150,124,170,172,168,110,115,175,152,187,187,127,153,152,102,172,147,176,174,154,180,146,123,130,155,196,141,115,156,170,146,155,132,175,133,131,171,184,187,150,102,117,176,141,157,106,170,195,189,129,149,153,122,147,101,198,193,104,158,157,147,163,172,192,181,175,138,115,113,148,135,142,155,126,175,147,158,111,141,105,178,139,111,150,186,123,186,192,106,123,182,181,140,163,123,122,135,171,129,199,113,166,121,110,154,134,125,177,190,190,128,102,164,139,121,182,158,153,196,128,104,142,125,112,129,148,186,133,125,127,190,157,109,179,189,196,154,179,119,167,178,109,113,106,196,166,197,189,174,104,106,101,182,184,101,138,164,179,135,121,113,161,199,137,197,126,128,112,124,102,123,167,178,154,113,170,121,117,146,135,104,189,135,133,188,170,161,132,117,171,194,122,169,116,115,105,171,140,108,154,182,117,184,174,104,142,174,121,165,148,145,187,161,131,130,152,168,163,141,101,175,183,182,192,187,157,120,126,112,151,148,113,101,164,188,191,200,131,153,146,199,139,124,153,119,120,116,185,124,181,155,104,170,102,191,127,155,152,163,190,107,175,182,154,144,132,147,129,167,197,150,104,142,146,156,195,135,101,167,168,156,148,179,182,200,150,159,188,187,143,140,109,137,155,149,197,186,104,175,149,183,180,148,176,145,154,164,118,128,163,100,164,190,177,189,195,184,156,185,174,142,174,128,182,152,140,117,173,148,186,152,114,141,110,123,131,115,130,179,185,170,173,129,186,200,154,179,155,118,139,163,104,171,128,187,157,196,178,115,161,170,100,200,124,104,116,129,136,139,166,195,169,178,149,164,167,165,119,129,188,190,105,121,137,153,176,120,131,109,195,139,172,109,182,132,118,158,126,126,193,174,168,119,123,199,152,125,148,171,146,129,114,163,128,194,150,193,145,160,139,200,126,164,198,192,197,118,165,126,165,182,109,176,105,177,188,163,200,199,142,108,168,104,170,176,169,139,150,166,114,160,163,142,160,173,197,195,125,120,166,110,199,161,153,182,113,165,180,192,131,137,132,167,103,115,115,105,146,142,156,184,120,130,112,137,127,146,100,149,175,132,128,182,100,177,138,180,164,184,102,117,140,116,192,154,128,191,171,157,169,112,152,115,184,176,100,182,144,149,190,106,186,131,168,134,180,174,112,184,124,164,152,151,182,132,185,195,112,193,187,152,137,118,115,200,165,103,138,110,128,192,180,146,135,160,175,103,147,157,169,167,145,100,136,139,109,123,100,180,108,131,147,113,165,144,189,184,157,172,138,157,149,192,151,153,156,170,183,166,164,154,157,166,169,118,189,195,154,197,148,175,171,177,109,154,172,137,190,174,163,180,114,105,115,139,115,148,164,114,106,193,133,143,129,142,145,119,198,163,173,108,190,132,106,173,154,185,197,108,105,141,147,104,160,183,177,189,144,166,162,188,148,179,197,178,100,162,143,121,184,192,150,165,169,182,159,161,183,149,164,186,101,125,123,187,166,173,194,177,130,125,176,102,152,177,169,170,112,177,191,194,199,181,176,177,128,130,178,176,145,161,190,116,109,147,180,118,107,185,110,107,132,169,152,169,186,192,161,140,125,113,125,140,117,118,150,115,141,193,190,170,179,163,126,163,169,162,156,136,112,166,145,167,151,113,118,115,116,173,134,166,123,179,190,183,111,184,188,166,196,169,191,194,152,154,175,147,187,174,168,123,135,194,100,142,164,105,162,155,187,143,158,103,200,140,184,133,117,118,139,115,119,188,172,166,114,125,173,102,169,163,148,147,172,160,194,104,162,171,113,192,154,187,123,183,147,179,198,162,100,168,102,182,138,177,135,136,148,183,121,143,147,140,195,117,194,144,192,197,110,199,167,188,172,126,166,139,100,176,106,111,154,117,136,118,163,192,149,127,161,160,118,200,186,142,105,122,169,142,127,126,173,111,149,177,137,121,126,148,195,101,152,181,103,159,135,160,110,117,112,185,163,125,137,141,186,149,103,124,153,149,190,136,151,142,191,192,155,153,150,143,183,143,185,121,103,191,197,118,103,197,194,185,197,175,118,200,181,163,139,169,155,197,168,180,144,145,110,145,141,148,100,152,181,133,154,111,143,195,123,192,194,198,189,135,115,188,137,124,113,175,147,191,172,151,175,158,105,168,129,126,141,108,142,131,172,147,139,144,196,168,149,172,140,116,135,179,122,160,199,185,137,129,195,143,149,130,162,135,112,145,199,105,128,122,119,113,188,118,183,162,162,131,135,195,120,172,136,199,195,166,149,169,107,125,117,108,175,132,115,188,178,197,166,188,135,152,158,119,135,108,161,124,178,174,156,182,165,186,174,126,161,113,180,160,107,130,126,105,118,154,198,178,160,200,122,180,117,191,113,113,172,147,150,137,159,176,100,154,180,183,101,136,123,187,151,123,180,165,147,167,132,169,158,194,187,160,185,181,133,155,128,130,173,151,156,153,141,125,131,107,162,116,149,151,172,128,147,117,132,182,102,128,119,128,121,189,200,113,113,114,141,158,123,144,189,131,190,157,159,128,149,146,181,139,148,123,118,151,153,125,198,112,168,117,171,177,152,140,122,157,100,138,130,181,161,113,106,135,191,109,183,134,188,199,126,155,140,127,188,136,146,181,157,135,196,189,155,129,171,144,155,122,197,103,106,178,114,129,101,115,166,158,140,134,151,111,200,100,117,183,105,128,100,138,101,138,140,189,162,128,139,108,133,111,112,154,178,199,111,143,161,128,143,152,177,180,105,173,182,127,152,148,116,164,158,135,132,115,187,197,176,122,115,148,126,143,137,146,117,192,128,103,153,175,122,198,167,110,135,150,182,122,176,132,194,191,101,134,198,145,178,146,156,115,182,130,126,158,160,175,131,171,151,182,144,151,183,176,181,165,125,194,174,158,169,186,138,172,116,108,107,147,133,109,165,113,131,111,135,159,145,127,109,178,121,124,107,115,142,156,127,194,169,182,165,176,156,186,172,115,127,127,173,125,113,131,177,152,152,200,164,198,107,151,170,170,111,164,114,160,172,101,125,171,173,164,194,105,120,135,132,191,146,159,107,167,195,101,116,197,124,114,103,153,129,182,189,132,172,123,124,139,197,185,142,182,175,137,100,182,142,194,195,136,137,102,180,145,196,129,193,167,132,185,149,184,171,112,131,190,158,179,101,186,163,186,143,106,139,116,111,161,146,114,193,134,158,172,162,133,159,186,163,141,142,142,185,196,193,107,113,102,151,173,119,194,124,109,142,158,132,126,166,121,147,147,135,196,197,148,127,104,172,147,112,196,140,127,200,163,191,179,162,119,153,178,113,170,144,178,121,139,117,196,116,135,175,151,122,186,125,100,143,185,110,144,173,117,155,159,127,131,198,158,111,109,148,132,114,121,106,180,152,154,132,107,148,144,141,149,160,200,178,154,172,155,153,163,144,162,148,143,160,128,169,186,184,135,123,127,164,177,193,114,164,155,100,200,170,177,141,170,118,178,159,156,113,140,189,106,129,144,140,193,191,151,172,150,105,113,100,172,170,175,106,140,114,123,104,147,162,137,164,144,101,104,164,116,185,127,129,178,109,169,119,162,149,143,153,176,133,100,144,149,188,129,136,161,192,150,178,115,152,122,177,181,107,182,186,146,195,102,171,149,102,134,159,167,133,145,192,182,112,179,155,136,146,111,155,130,161,135,178,190,175,131,170,116,192,123,120,117,161,145,152,143,104,128,157,130,189,180,177,193,173,127,125,200,123,109,122,123,170,161,174,119,185,177,138,111,132,109,111,188,128,154,175,160,160,131,146,155,148,106,144,151,157,186,174,196,161,144,146,152,117,161,102,172,139,113,139,145,106,160,119,111,120,180,137,157,173,117,189,119,138,174,135,110,168,198,110,190,161,166,200,110,137,197,170,102,121,104,161,107,121,166,129,147,174,196,121,134,131,101,133,188,110,109,122,173,190,181,195,183,121,176,168,152,185,131,159,108,186,180,170,149,156,185,159,157,137,161,184,143,157,198,188,140,189,197,144,175,166,175,126,102,145,183,169,177,150,142,175,179,146,163,192,157,198,144,108,162,105,106,126,196,140,165,142,138,186,147,174,148,134,147,145,197,169,138,115,164,174,131,105,191,188,100,164,102,145,193,110,191,175,109,154,134,102,158,141,117,114,129,183,101,170,196,100,174,105,199,160,109,159,191,103,106,198,170,101,127,163,172,146,159,152,137,102,186,154,138,150,109,168,110,159,132,191,188,120,101,116,189,190,112,196,151,109,193,189,179,176,114,155,185,167,163,105,152,108,117,161,186,163,140,145,184,182,170,179,165,154,109,121,137,191,156,120,123,197,196,124,188,151,194,165,101,160,144,178,146,179,144,160,137,157,122,122,106,140,168,102,156,194,100,131,172,185,129,113,131,103,145,117,148,194,104,146,119,180,130,169,106,173,103,120,141,133,145,145,187,162,100,175,143,102,174,164,133,166,116,177,186,186,116,145,137,102,180,195,174,198,104,155,110,104,130,101,167,175,125,155,192,154,137,138,144,167,131,140,187,163,185,150,131,176,171,182,160,190,147,165,170,100,186,159,166,156,170,137,186,179,200,186,192,164,179,166,148,131,196,169,177,127,175,181,174,151,200,151,102,138,110,106,116,107,111,170,193,144,188,149,188,108,161,191,200,186,154,151,160,131,116,137,158,187,149,110,133,113,134,190,100,200,193,171,102,160,121,139,150,197,124,121,118,187,135,161,101,184,106,139,104,181,167,150,115,188,166,127,160,133,179,168,108,129,119,153,124,134,124,144,190,157,146,131,119,108,111,170,119,172,169,107,160,103,104,191,112,115,128,107,139,141,136,189,117,128,168,169,195,142,160,184,139,128,141,133,129,150,101,152,171,156,146,192,153,141,102,152,120,102,140,169,143,159,172,191,170,140,119,200,117,162,126,137,193,120,102,118,123,162,135,156,179,194,137,148,151,122,169,153,156,124,150,131,140,136,130,188,160,103,199,183,174,167,169,150,116,128,180,114,119,107,181,145,152,158,141,110,181,199,101,151,115,148,180,132,166,188,164,113,180,154,183,120,116,113,135,157,170,200,110,168,190,178,196,135,192,134,185,188,118,110,123,143,193,101,148,183,184,143,186,132,132,145,122,117,146,124,178,147,136,101,198,144,125,112,134,160,141,124,103,111,193,115,199,154,136,140,199,187,174,121,121,162,159,155,162,110,198,148,112,124,131,183,149,178,140,150,114,115,122,198,163,132,128,190,187,196,126,128,184,125,191,116,135,195,119,166,101,168,124,193,193,156,143,192,116,130,119,175,162,116,115,148,162,175,172,109,146,114,149,171,124,116,106,155,199,195,126
Building5,163,117,135,127,146,132,156,185,177,187,112,167,151,103,162,144,198,172,197,143,117,113,139,198,163,190,101,127,103,183,156,150,113,120,200,144,168,137,169,105,138,185,173,200,166,161,124,152,126,146,117,115,114,161,113,146,178,200,124,150,127,172,182,193,181,133,184,150,172,140,123,183,136,193,122,184,190,193,136,166,158,138,168,143,148,113,123,180,185,163,103,170,110,198,119,127,111,182,127,106,166,135,140,126,134,149,147,142,183,164,146,131,124,179,104,143,198,185,132,132,111,120,110,195,122,153,168,111,195,164,127,119,115,102,158,176,119,133,191,188,192,149,148,144,182,122,123,155,164,141,111,191,196,102,182,105,128,188,178,179,180,121,196,118,115,117,125,183,127,153,195,198,118,174,147,178,113,107,107,197,149,156,156,113,199,133,101,128,184,153,113,110,122,163,130,182,165,166,182,186,186,131,189,149,178,107,183,156,132,197,177,163,132,200,154,181,131,104,120,168,146,156,186,126,198,158,171,164,124,124,139,168,192,172,115,153,151,155,168,195,170,151,109,150,144,139,178,199,170,132,175,135,100,185,118,148,136,196,158,117,150,127,130,164,137,122,137,137,171,149,167,170,101,137,127,123,194,176,113,133,146,145,153,107,100,183,164,193,187,164,140,113,155,121,103,187,103,188,119,132,197,194,185,146,118,171,118,195,149,169,156,114,146,114,187,162,161,182,119,170,176,170,154,197,107,185,112,109,179,116,143,133,108,143,191,133,107,112,139,126,160,164,131,107,127,175,149,103,148,166,109,111,117,166,111,195,143,169,161,198,160,146,123,106,136,137,136,110,141,197,143,159,126,192,198,172,182,136,121,159,120,192,155,162,114,131,153,163,131,166,163,196,120,142,198,111,171,180,146,177,128,106,132,106,116,167,108,168,170,179,118,127,114,106,156,125,134,160,180,184,132,127,151,100,166,113,116,170,200,146,159,181,153,153,130,130,107,174,143,183,122,135,136,193,103,175,141,108,147,106,163,190,101,112,198,161,104,141,148,162,194,132,107,112,146,177,190,179,181,104,187,133,155,177,170,102,174,168,186,140,186,139,115,143,177,102,149,124,187,125,131,185,155,169,133,143,114,171,147,156,123,183,188,158,159,144,117,140,154,126,105,134,183,191,164,101,142,108,169,163,100,117,198,151,195,160,195,128,193,189,150,134,157,122,101,104,128,169,113,112,180,149,183,190,152,112,112,145,159,104,108,107,170,179,175,125,168,101,106,179,196,110,136,163,110,156,179,156,133,192,192,195,194,184,122,176,140,175,140,100,155,122,117,142,122,139,200,107,197,114,149,198,142,145,157,185,144,140,161,161,113,139,195,198,164,150,110,152,158,115,174,129,151,195,116,189,104,139,115,173,163,142,100,122,196,189,148,177,118,165,151,141,136,108,155,159,115,170,156,139,131,122,134,129,190,138,119,104,184,193,129,163,193,192,131,200,158,113,108,134,190,151,182,119,134,103,196,167,175,193,145,167,185,141,166,169,139,120,199,133,167,194,183,177,121,146,107,128,123,116,114,165,191,113,127,186,108,126,195,184,189,172,137,141,156,171,102,140,145,119,164,188,183,129,183,116,200,126,170,117,111,158,165,106,190,117,176,193,164,142,108,197,122,117,149,117,133,183,107,188,170,197,111,127,180,161,114,111,191,188,141,109,108,134,172,153,155,164,118,117,119,156,127,168,190,183,154,140,139,140,168,168,104,114,185,180,135,123,128,115,169,155,130,177,118,139,167,192,178,107,193,191,119,126,168,178,107,127,199,133,106,112,146,128,156,116,184,110,141,126,193,196,115,111,193,120,144,183,120,108,138,194,109,170,189,111,196,106,124,164,139,184,155,200,150,126,131,181,191,161,192,180,145,149,115,177,125,175,200,126,198,132,175,185,180,115,113,129,187,129,143,106,167,168,126,122,161,142,118,176,180,102,119,173,153,197,167,179,190,183,135,155,200,188,142,146,161,120,103,184,180,154,197,137,140,117,184,126,103,113,159,121,196,145,101,108,141,145,135,130,179,189,119,128,171,142,143,147,195,193,153,131,105,131,107,106,178,194,172,125,154,119,148,163,167,172,153,120,163,141,171,168,134,163,151,119,128,191,134,100,102,168,131,127,101,112,185,121,127,161,199,195,149,150,116,120,161,101,188,132,142,200,147,114,199,196,158,178,138,116,125,106,154,151,181,101,116,158,126,145,161,192,197,191,133,180,176,150,191,174,191,186,147,146,179,180,154,180,153,148,114,185,144,131,196,162,116,125,194,144,165,133,155,179,165,144,174,135,168,116,153,187,186,180,131,133,142,100,159,166,144,142,133,108,156,161,165,194,164,119,148,185,176,148,123,189,100,193,106,170,191,144,157,200,104,176,136,163,118,197,144,154,171,191,180,180,106,185,135,151,151,174,164,186,193,178,120,194,195,128,188,113,114,130,110,160,100,180,142,153,128,126,119,181,143,122,143,166,101,144,119,162,151,189,129,115,132,160,136,126,165,132,187,197,180,176,160,110,114,109,103,125,105,104,184,174,146,163,198,194,106,103,104,139,156,131,196,108,144,137,157,173,175,130,108,106,156,170,168,162,132,116,107,122,195,178,163,171,127,171,130,200,198,135,194,162,120,103,146,167,176,170,178,119,142,143,195,198,157,181,132,132,102,138,133,119,148,125,131,120,189,175,133,160,154,171,145,145,106,170,171,168,100,143,150,100,187,144,144,132,112,130,175,125,139,125,191,147,180,168,180,172,125,138,163,163,124,109,193,116,170,192,164,186,165,115,183,138,176,186,104,189,165,122,173,147,166,180,170,173,140,182,182,103,108,159,110,113,114,199,121,187,157,136,168,121,141,134,186,126,104,191,125,173,103,172,136,159,154,156,139,181,190,169,131,145,194,182,169,115,195,105,125,104,191,172,122,174,156,101,104,178,190,199,117,151,141,109,122,106,156,173,144,100,107,168,168,174,131,180,171,156,155,183,150,176,107,194,188,140,135,171,186,194,188,141,182,167,193,110,112,132,150,156,130,189,113,120,179,160,198,161,140,114,119,144,164,162,150,161,100,111,140,131,105,182,117,193,199,198,199,150,198,173,160,172,128,178,151,155,101,101,183,142,124,194,180,105,165,118,109,126,107,169,134,188,115,179,107,160,135,150,200,113,141,121,105,154,114,177,144,103,197,150,133,110,171,152,191,139,100,133,173,195,193,165,124,163,193,195,100,152,110,162,151,198,153,173,163,146,187,134,132,196,200,158,116,194,107,131,108,115,159,159,120,181,127,185,185,168,195,176,134,172,163,191,114,180,138,185,186,164,183,139,141,155,170,147,130,189,111,200,137,180,186,139,145,200,150,194,100,195,194,192,103,153,155,181,139,173,200,112,116,196,186,139,114,152,133,143,142,137,166,188,177,114,110,167,193,122,182,194,160,134,144,181,132,145,165,110,140,118,176,111,173,194,125,125,143,169,187,131,188,122,191,155,160,133,113,106,116,155,153,138,129,169,125,101,114,136,106,116,178,169,140,123,114,149,102,139,195,139,106,181,200,133,134,183,170,116,109,108,169,185,165,175,194,130,173,191,196,103,116,116,121,101,128,149,151,182,119,109,159,140,163,187,124,167,135,113,119,129,173,170,109,106,191,145,172,140,156,101,113,154,129,167,189,130,115,192,178,133,142,194,180,104,190,156,196,139,119,190,131,193,104,153,149,100,191,145,157,165,181,109,148,161,158,154,187,163,189,114,166,119,103,125,189,102,158,117,124,120,154,163,114,101,192,141,191,183,142,196,134,105,147,128,183,189,138,170,183,199,180,137,137,197,107,126,118,111,100,145,174,182,196,164,178,156,134,143,163,122,175,176,135,134,197,181,198,102,126,155,110,200,198,198,165,149,133,138,185,157,128,176,112,186,118,141,178,136,174,171,167,128,102,160,136,127,145,103,195,120,123,118,100,139,130,189,174,150,181,195,144,127,186,194,103,138,143,196,112,163,147,140,200,173,179,155,192,184,120,191,109,102,177,174,142,200,176,173,151,194,100,167,144,119,110,162,128,156,170,151,184,192,145,132,172,101,119,153,173,134,113,113,106,158,185,129,190,108,169,146,170,119,171,200,150,165,146,120,170,187,145,120,178,157,174,175,131,122,109,101,123,185,155,125,164,123,131,190,156,125,136,156,128,144,126,138,117,114,131,168,120,170,148,167,112,128,197,193,191,130,113,139,198,103,122,127,108,157,101,177,133,146,139,160,160,161,148,133,100,194,191,181,129,111,113,150,131,186,192,189,104,186,108,175,168,150,154,119,152,158,196,146,118,190,192,166,121,137,113,120,192,171,105,182,140,132,119,169,195,181,156,110,161,199,173,149,130,125,118,184,108,136,104,124,141,138,123,149,159,176,145,108,144,122,181,127,172,118,138,178,145,147,195,109,154,197,172,119,145,133,184,159,146,131,110,115,150,144,124,107,154,112,133,110,143,160,184,157,104,172,178,111,136,186,182,105,181,118,163,128,155,197,176,142,175,156,194,157,136,156,109,140,113,113,150,123,187,108,168,185,181,126,191,116,187,153,124,195,194,172,148,155,102,183,146,146,172,145,115,105,133,100,196,156,153,109,200,186,133,120,199,113,199,159,153,113,184,147,157,110,171,187,164,149,179,179,186,149,157,118,177,103,120,143,166,135,112,139,181,185,169,186,189,170,188,102,173,191,172,120,115,151,170,132,141,162,175,141,162,174,117,167,199,199,111,112,133,190,154,151,119,193,157,157,156,130,146,161,177,146,177,157,139,110,135,136,117,110,136,164,170,107,186,116,181,193,118,183,161,100,130,177,101,195,103,176,159,149,158,191,195,127,186,146,149,102,143,172,158,116,183,130,186,104,157,164,187,192,140,151,137,198,146,154,122,109,189,134,174,171,108,135,157,156,122,184,111,118,103,189,130,113,170,107,195,108,120,190,192,135,174,131,129,163,111,167,142,151,106,113,199,167,125,147,172,168,152,103,158,113,143,179,119,116,144,166,174,191,124,108,139,134,116,113,171,161,171,197,161,148,193,126,146,136,136,132,169,179,120,181,138,109,101,184,162,154,153,122,169,171,194,125,173,182,140,178,133,127,104,159,178,145,149,191,113,114,114,121,165,155,135,128,148,142,187,131,155,118,174,126,181,148,106,153,120,195,142,170,101,184,154,143,170,144,105,144,132,170,168,174,189,197,150,199,134,132,128,184,129,189,129,121,144,143,114,199,148,150,117,101,136,123,165,155,109,199,188,169,142,173,168,172,133,117,172,101,126,104,137,149,151,154,111,118,181,147,111,157,193,107,184,140,200,126,137,166,163,198,130,197,101,111,185,151,167,162,177,175,194,180,108,129,169,103,125,151,189,158,195,193,176,183,166,129,157,132,197,116,118,179,183,144,197,198,166,110,107,102,172,154,154,115,128,193,103,106,144,108,162,152,159,156,132,181,198,121,104,172,145,195,104,152,104,113,109,151,128,192,176,133,163,142,200,118,193,174,155,160,159,133,117,174,159,100,195,125,113,124,120,112,100,195,183,169,161,180,165,123,196,160,186,105,145,139,140,140,199,135,123,120,166,131,123,108,121,161,189,197,134,172,159,135,190,193,102,134,147,138,184,175,100,169,178,117,113,150,128,189,171,180,197,191,109,128,161,174,168,109,103,109,185,139,118,190,176,136,176,164,110,108,178,101,192,126,166,134,139,157,140,129,120,159,169,185,149,102,126,151,106,130,189,197,190,178,198,113,113,138,115,106,178,138,182,125,118,134,183,117,133,178,135,141,171,187,103,114,159,111,147,137,189,128,104,107,113,141,126,157,111,106,184,175,121,113,172,178,162,177,146,168,181,160,180,122,168,199,148,174,197,155,166,186,138,153,190,116,185,198,105,166,162,107,147,110,185,197,172,125,182,179,118,176,188,160,106,127,189,190,144,163,154,174,176,111,192,101,172,135,189,153,178,140,143,149,150,175,105,170,190,152,188,189,103,148,148,130,188,174,153,187,127,162,185,131,128,101,106,161,121,190,124,183,176,173,188,176,127,124,152,128,151,135,184,115,162,193,132,175,130,132,121,143,166,161,132,178,182,200,150,101,129,157,155,142,104,199,162,143,124,156,151,173,187,119,185,198,155,116,168,147,188,174,101,193,152,152,177,198,169,119,174,178,132,194,114,186,166,106,103,145,145,150,116,166,150,148,147,143,186,163,115,149,111,145,105,170,153,184,155,143,142,128,114,121,123,167,196,176,157,116,131,181,110,105,193,111,111,133,195,165,103,172,175,168,134,197,119,119,191,107,196,162,113,137,181,154,167,111,150,168,159,157,167,160,173,183,117,160,126,130,184,141,196,163,168,117,133,141,140,185,195,143,167,118,118,116,138,177,158,177,122,200,104,101,144,103,116,174,150,145,103,151,197,183,141,173,125,127,164,170,163,154,170,127,149,147,199,113
Building6,184,184,172,133,119,191,106,184,122,115,102,182,116,188,128,138,174,111,146,187,166,120,147,182,104,134,165,102,122,186,178,133,169,184,131,148,114,121,176,152,151,185,123,129,161,178,139,121,118,153,140,191,160,174,134,142,106,190,122,171,165,115,176,155,161,101,200,163,200,173,195,183,163,127,171,180,171,132,155,133,162,114,156,168,164,128,152,193,112,119,147,120,176,140,180,118,196,180,106,184,136,127,116,126,101,162,144,190,109,183,186,195,181,189,141,177,169,154,127,160,181,193,171,112,178,177,143,151,148,106,157,127,153,155,126,197,171,128,127,146,160,107,121,189,196,193,154,126,118,128,166,124,149,143,144,185,116,167,135,164,134,165,125,167,127,183,123,100,198,121,199,188,171,193,185,149,108,184,155,160,181,175,113,172,129,111,132,123,114,174,147,126,176,152,100,103,198,195,132,173,156,187,151,113,200,113,165,116,185,146,172,170,139,118,119,193,140,152,133,120,183,159,111,177,129,145,142,117,130,187,154,104,164,192,193,181,125,186,189,157,184,167,187,197,161,182,116,183,140,155,104,129,155,196,110,108,150,173,105,130,163,196,179,160,168,159,116,168,190,121,116,101,123,114,185,116,121,111,182,154,105,173,112,159,143,105,138,175,152,179,139,179,114,189,186,179,184,187,161,115,108,163,172,138,186,159,165,112,122,162,134,186,181,111,146,196,145,134,115,170,195,200,130,126,162,186,125,188,120,182,154,182,171,196,119,105,183,179,104,165,200,148,153,126,149,186,183,109,170,112,160,129,189,195,182,145,132,138,131,107,180,106,197,109,133,132,132,196,182,172,188,120,100,143,147,146,198,155,128,154,126,186,197,101,174,167,150,141,188,140,171,177,199,143,196,127,149,117,149,155,163,127,157,182,159,177,112,140,121,106,146,165,178,131,129,197,137,176,106,197,130,169,102,153,165,128,154,188,107,200,184,143,123,100,144,113,142,196,139,127,120,156,128,161,169,180,130,112,107,159,150,162,112,188,123,114,159,171,183,192,176,115,137,176,162,178,152,181,200,161,175,165,114,116,108,179,135,146,146,150,200,160,196,119,187,144,156,100,199,112,150,184,122,104,186,120,103,129,129,145,133,177,134,191,117,171,120,188,143,163,138,119,190,127,147,172,116,117,144,102,104,197,129,141,163,168,149,114,173,135,131,151,184,154,173,183,131,116,189,143,113,189,126,193,169,127,151,110,126,185,176,132,176,114,111,190,134,175,165,109,149,104,169,131,191,191,168,178,197,126,112,165,165,111,167,168,129,178,199,150,141,114,134,130,114,198,164,152,157,161,134,178,100,174,149,180,113,191,129,114,101,123,124,163,199,133,105,145,185,187,184,151,150,149,160,150,136,184,125,184,155,118,167,183,172,181,115,176,116,115,140,189,183,187,198,196,164,140,114,101,136,195,161,159,155,183,143,119,101,121,124,126,150,170,131,145,163,140,186,179,156,190,146,185,148,162,180,145,178,200,139,178,112,167,185,136,177,141,178,106,186,184,188,132,141,136,173,191,141,134,137,118,136,118,183,164,199,198,157,163,176,112,103,145,154,105,157,130,155,168,111,108,189,101,150,108,119,188,188,161,141,159,152,199,185,168,191,109,101,101,169,175,157,157,197,186,144,153,182,188,161,134,185,187,146,165,127,200,164,158,127,183,165,135,106,162,199,123,102,137,169,154,183,161,118,156,104,106,165,136,137,142,122,181,107,187,162,112,153,117,161,107,162,188,157,124,143,162,116,178,107,198,190,185,103,191,146,163,108,113,105,150,110,192,180,125,143,146,151,164,187,112,110,108,182,196,148,110,110,186,175,134,113,192,116,197,164,147,107,152,119,114,177,143,131,151,154,133,180,194,107,130,176,112,174,139,199,168,164,105,197,133,186,195,118,126,147,116,151,105,156,115,172,153,188,105,140,159,185,135,110,125,165,195,136,181,103,195,133,179,105,178,133,195,178,143,145,121,126,177,132,113,114,140,199,110,189,159,177,122,109,129,126,139,117,171,174,180,133,104,131,124,106,147,183,151,103,166,196,127,104,176,185,157,157,178,121,119,102,121,124,172,147,129,161,190,116,177,182,142,122,196,111,127,142,114,185,109,166,119,164,157,120,170,158,127,161,114,171,104,179,141,118,154,160,160,145,165,189,184,164,143,147,127,144,143,198,171,194,160,189,121,123,102,120,133,103,197,198,159,109,154,114,186,192,184,157,132,184,187,104,105,141,113,126,139,198,130,145,197,158,172,162,128,121,133,103,120,133,157,200,188,153,141,111,104,119,133,113,171,154,157,178,155,116,115,178,138,159,101,162,119,191,144,182,152,134,142,135,146,173,175,170,136,200,106,178,104,108,144,178,124,141,133,175,198,151,197,176,141,103,149,187,127,119,155,148,196,198,199,156,192,133,124,186,112,102,174,189,113,176,156,107,189,150,172,200,178,159,124,180,132,142,107,162,138,140,165,132,143,101,132,116,129,165,110,200,198,141,124,133,166,120,185,135,114,127,110,191,136,148,116,177,101,119,191,142,192,154,145,114,130,126,188,102,177,164,188,185,195,149,136,115,185,110,176,140,124,121,198,112,191,169,159,115,111,131,141,166,144,120,107,159,126,100,115,192,124,166,153,183,191,148,149,190,107,170,111,141,135,110,180,165,147,178,151,152,131,110,189,121,123,118,155,101,157,149,102,174,153,134,108,128,104,139,170,178,179,132,156,179,195,169,185,150,187,107,150,191,128,181,198,200,116,100,190,127,178,121,110,147,105,125,135,188,163,137,128,158,177,125,199,192,155,105,115,174,142,195,195,184,139,108,145,171,123,178,140,145,152,195,120,190,137,193,122,113,123,174,111,127,113,163,108,191,182,160,178,152,117,124,121,192,200,163,160,113,175,145,180,166,197,191,124,135,128,160,136,139,110,122,124,176,113,152,154,176,153,173,183,155,154,164,196,170,135,149,114,154,119,136,132,143,137,194,120,158,188,152,133,120,121,185,126,128,159,156,194,175,103,182,168,148,183,105,164,158,182,140,175,110,153,186,120,129,193,111,159,150,189,198,120,121,175,192,187,151,181,100,115,103,104,166,115,144,190,114,116,141,179,167,121,162,140,160,145,122,100,178,165,164,158,158,195,137,175,140,187,142,142,163,159,103,151,177,109,159,118,185,163,109,193,111,191,187,167,132,118,147,173,119,117,175,120,109,174,110,187,104,174,166,109,142,118,191,137,137,148,183,149,172,117,183,132,187,169,119,111,115,150,198,190,192,196,117,140,131,106,177,137,138,120,150,193,144,104,100,103,111,142,181,128,114,115,173,191,167,129,171,118,157,115,153,167,186,118,188,142,103,184,194,188,176,197,106,137,187,168,114,132,182,117,174,197,138,123,101,145,144,143,112,174,146,103,134,191,169,117,199,150,177,189,147,170,168,127,140,162,169,133,184,142,131,162,182,114,122,134,113,146,113,145,155,170,164,141,187,139,113,155,192,182,143,192,132,177,183,124,125,144,123,180,184,197,166,125,181,102,197,190,198,136,159,157,152,169,195,131,164,179,107,116,145,118,181,173,140,166,167,163,191,148,198,198,188,149,120,189,137,185,182,166,101,175,108,169,127,173,120,197,157,119,192,178,142,171,185,197,153,197,157,198,135,115,165,181,152,124,170,148,176,161,137,173,115,133,195,187,132,120,162,106,186,111,157,129,200,110,132,154,108,114,127,197,170,109,147,166,109,150,130,187,179,191,107,149,185,103,178,107,133,186,140,166,173,136,183,121,168,139,129,107,116,189,175,158,109,190,162,130,175,135,133,140,125,190,135,137,125,178,105,165,105,126,174,113,105,112,115,151,157,140,169,121,121,176,157,105,134,171,195,187,188,120,128,178,121,151,106,129,133,159,151,104,166,158,165,120,200,139,145,184,136,138,174,188,171,139,195,106,170,156,153,128,193,197,105,200,165,139,171,179,109,187,175,186,145,160,190,162,142,130,142,145,114,124,179,111,103,129,180,137,150,190,197,157,186,172,141,125,149,133,116,175,158,180,196,147,158,138,183,186,171,131,144,100,126,165,191,119,153,177,178,170,200,107,170,155,180,127,124,134,116,128,133,180,123,159,147,133,179,186,172,111,157,158,169,175,100,114,128,143,157,132,125,181,152,127,111,140,197,140,104,175,150,181,149,194,120,147,152,127,112,103,120,182,102,138,189,117,139,156,116,141,169,172,153,189,174,113,180,187,190,197,154,136,197,169,136,171,182,115,116,112,145,190,102,163,158,200,132,119,151,127,184,138,134,142,146,171,112,109,104,179,167,180,194,103,170,121,165,125,140,143,191,130,121,172,198,112,145,128,162,131,116,105,163,122,116,147,108,101,167,154,186,127,133,114,153,147,193,194,155,155,194,188,135,193,157,183,144,147,100,185,194,153,133,113,182,125,194,124,144,102,115,195,150,185,107,170,150,188,108,174,137,125,136,116,126,174,136,100,132,139,162,114,139,198,200,119,172,130,118,125,185,173,104,160,160,148,111,109,181,190,161,162,138,105,172,199,157,123,153,179,122,161,141,144,187,173,129,145,124,140,160,142,154,140,180,178,160,105,160,180,182,105,148,140,190,105,155,196,158,112,128,189,194,165,146,145,127,193,149,128,161,102,108,168,141,120,140,113,188,104,174,141,146,114,170,162,141,136,130,111,102,157,145,117,151,196,111,182,170,131,184,169,122,139,164,152,101,158,127,154,131,196,109,166,125,189,135,149,183,157,192,190,160,140,101,100,121,107,122,152,184,122,149,101,125,128,181,192,142,169,167,197,191,115,132,154,138,156,195,184,109,146,102,163,126,113,174,121,148,188,154,125,128,138,121,127,161,147,178,187,117,151,189,118,115,127,122,176,150,156,144,196,187,171,114,196,138,159,140,183,189,115,130,159,161,128,104,182,134,161,125,151,128,188,150,150,195,124,157,160,122,174,159,119,169,156,176,100,110,177,109,147,152,176,170,158,165,105,135,105,196,116,142,107,179,109,141,177,133,151,128,178,191,163,200,149,109,167,189,139,195,114,147,146,108,137,157,109,189,195,191,188,133,173,154,137,103,166,117,190,179,155,170,107,182,188,137,174,115,120,200,200,190,182,134,131,140,135,192,191,106,151,141,197,134,178,187,131,162,140,169,160,132,184,130,121,200,112,179,141,137,105,112,174,152,173,137,179,184,108,171,167,174,197,151,111,167,114,167,150,102,189,132,105,134,135,158,187,191,159,102,138,134,199,118,119,123,194,150,149,138,111,198,196,161,151,169,145,172,196,103,178,189,129,192,128,110,131,162,145,183,190,152,135,188,190,191,174,104,107,119,167,193,156,151,140,142,193,106,190,136,144,126,189,141,184,108,131,157,102,155,136,147,179,189,167,147,198,140,151,112,151,114,155,186,176,114,195,106,129,137,112,124,195,104,167,164,160,154,130,168,125,147,175,116,163,184,139,117,127,199,142,104,139,157,191,158,149,120,102,104,156,196,152,128,182,123,200,174,116,159,164,122,160,108,106,133,123,159,191,100,127,186,167,117,198,173,171,155,153,149,106,183,187,138,152,105,172,117,198,171,109,125,133,136,164,113,140,104,143,184,117,188,157,116,193,194,142,124,118,170,182,194,143,108,155,113,175,129,160,127,123,154,198,159,123,120,183,149,188,136,140,191,130,181,181,166,113,178,165,193,198,167,148,107,167,157,181,159,200,126,100,154,113,121,181,134,123,159,130,108,200,190,193,163,102,196,105,120,150,119,110,184,111,122,119,182,161,107,151,106,128,189,190,188,147,188,190,168,167,193,142,177,100,136,128,195,121,136,167,120,130,108,146,178,175,200,146,156,173,140,101,150,150,133,151,147,121,171,146,154,118,120,189,167,129,140,186,191,118,157,156,150,194,158,195,172,125,111,175,162,122,148,190,103,180,197,175,141,106,107,162,133,125,100,182,164,109,143,150,143,178,142,148,132,191,180,131,153,175,136,176,148,105,102,156,133,104,111,197,188,162,103,169,200,111,178,146,135,113,139,162,144,199,136,195,144,191,162,103,101,111,129,182,119,105,155,149,119,184,145,105,100,194,138,139,113,183,119,137,145,155,177,122,116,102,167,141,163,142,148,187,199,126,161,169,179,194,111,167,142,198,149,100,175,155,156,162,176,125,180,100,158,198,135,151,155,118,174,172,194,123,173,104,130,177,103,187,125,133,121,181,168,130,137,126,144,195,165,119,128,177,186,183,166,162,136,128,124,159,179,145,124,187,174,119,139,123,103,177,112,168,158,144,131,127,140,151,155,185,116,158,180,135,124,139,171,164,122,170,170,149,106,161,138,130,120,186,144,133,193,111,200,183,189,179,173,143,160,111,146,119,144,124,197,181,167,168,135,149,144,195,196,148,107,174,146,127,166,195,123,199,153,118,140,107,133,113,132,153,146,125,195,107,117,184
Solar0,8,2,4,3,14,2,8,14,15,14,13,10,10,4,14,15,7,12,3,6,7,13,12,11,11,2,12,5,11,11,14,11,6,13,6,15,7,9,4,3,9,4,4,12,11,9,9,11,9,13,7,13,11,3,12,6,8,10,4,14,2,12,7,3,14,10,11,7,9,11,10,8,14,7,13,4,7,10,14,15,4,2,7,8,2,13,13,4,6,3,7,13,9,2,10,15,5,12,6,11,14,7,8,13,12,12,15,5,3,8,11,6,4,2,15,14,12,6,8,10,5,15,11,15,15,2,13,8,5,11,8,8,2,5,4,9,7,5,2,9,14,12,13,11,3,14,4,13,6,15,13,9,9,5,11,7,12,4,8,7,2,15,15,4,14,14,10,13,7,5,4,3,10,7,5,6,6,9,2,14,12,2,4,8,2,3,11,10,11,15,2,14,14,12,7,5,9,2,14,6,11,9,6,5,8,2,4,3,14,2,5,14,12,4,4,8,6,4,3,8,8,8,14,9,14,5,9,5,12,3,13,8,15,6,6,9,5,9,7,2,13,2,14,3,12,4,11,10,4,4,15,12,12,4,2,2,14,15,9,15,11,7,4,12,8,15,5,9,11,15,15,10,4,9,13,11,2,11,8,5,7,14,8,7,12,3,10,10,12,14,2,4,13,6,9,15,15,12,6,3,10,14,12,15,8,8,9,6,5,15,4,14,10,14,14,10,3,6,13,8,5,11,9,14,3,3,15,5,15,11,3,6,9,11,13,9,9,3,7,11,6,13,14,15,9,5,15,14,10,3,3,5,13,5,7,15,14,2,14,14,12,7,2,14,10,13,9,10,8,13,13,14,8,11,4,14,11,5,5,11,2,8,10,8,14,8,13,5,14,8,12,8,5,5,14,6,10,15,9,2,3,15,11,5,11,2,11,10,10,5,15,6,4,4,12,7,4,13,3,4,2,9,7,8,14,4,2,4,11,11,6,5,5,2,9,3,10,9,12,14,15,12,2,2,14,13,13,9,11,8,6,3,3,14,13,3,11,2,5,5,11,4,10,10,6,14,11,10,3,11,12,12,7,2,14,4,2,5,3,2,6,2,12,5,11,13,15,7,14,15,8,12,14,15,13,6,3,9,15,11,10,12,10,15,11,3,13,6,15,10,10,12,9,4,13,8,7,2,13,9,13,11,3,2,2,9,15,11,2,6,10,13,5,2,7,14,4,2,3,14,6,15,13,15,7,3,11,4,10,9,12,3,12,15,7,13,12,5,2,11,2,9,15,12,2,15,6,11,13,12,2,8,5,12,13,8,8,9,7,7,5,7,2,12,2,5,13,6,11,15,7,3,4,5,11,2,6,2,8,12,8,6,8,7,5,9,9,8,14,10,15,15,7,4,4,15,3,9,15,4,15,14,5,10,13,9,12,4,15,9,5,6,6,15,15,10,5,5,9,13,13,7,14,12,3,14,4,13,8,13,4,12,5,13,10,15,13,4,9,9,14,14,4,10,13,10,7,6,9,7,6,12,13,9,2,15,9,15,8,14,9,14,13,11,3,15,10,10,7,10,13,4,7,8,10,12,13,6,8,9,4,3,4,5,15,9,3,10,4,12,11,5,5,10,4,2,8,13,7,14,3,3,8,13,11,7,5,13,14,6,7,6,3,9,15,2,9,8,11,11,6,3,2,14,5,6,11,4,14,11,4,12,12,3,2,3,12,9,5,9,7,2,12,6,4,15,4,11,3,12,12,13,3,14,4,15,12,14,15,12,9,11,11,5,15,5,13,4,14,4,14,6,2,7,10,4,3,4,15,4,14,6,9,10,8,8,4,12,5,12,11,9,10,15,11,14,15,10,4,8,3,12,2,8,14,3,4,7,9,5,11,4,13,11,13,8,8,12,10,5,3,11,10,5,2,2,12,10,6,6,15,14,5,4,2,7,10,4,5,12,6,13,6,10,10,13,6,14,15,9,2,9,8,11,15,4,14,9,4,5,9,6,4,12,6,2,2,15,2,3,13,12,9,8,3,8,13,10,12,2,3,14,7,5,2,4,15,15,11,10,10,6,5,4,3,8,14,14,4,13,12,4,4,13,8,11,5,3,10,7,14,12,4,6,10,5,8,2,9,15,7,12,5,15,7,4,4,12,9,6,14,11,3,2,9,10,6,9,9,10,8,4,14,8,10,11,7,7,2,7,10,5,7,12,2,9,4,6,2,2,5,7,12,3,6,12,11,8,14,8,9,2,14,12,5,10,4,14,7,5,13,6,9,7,9,7,7,10,4,6,10,4,4,14,14,5,6,11,8,11,12,7,3,5,13,8,7,11,5,3,14,15,5,15,14,2,3,13,9,3,4,2,3,11,14,3,8,12,9,4,14,13,9,8,6,6,4,9,13,11,12,15,8,14,6,15,9,15,14,14,8,14,3,2,7,10,6,14,15,11,2,12,14,6,12,5,10,5,14,15,5,10,7,8,6,3,3,2,6,5,9,3,8,5,4,2,10,5,12,13,4,2,9,4,6,14,11,11,6,11,3,8,6,14,15,9,13,7,8,8,4,7,8,7,4,9,7,6,6,10,2,13,4,12,14,9,13,7,7,4,14,13,10,13,13,15,8,3,10,7,9,14,5,2,10,14,9,14,11,3,14,5,15,8,12,8,2,11,6,10,13,12,5,2,3,15,7,14,7,8,6,7,6,5,6,3,15,13,7,9,6,12,6,9,11,12,2,2,13,3,7,9,13,15,9,4,10,5,15,12,15,4,5,14,7,4,4,6,7,13,3,3,15,13,7,12,10,8,5,14,9,10,10,11,12,10,12,7,9,15,4,12,12,2,3,4,13,12,8,5,9,10,8,14,11,11,8,7,13,11,13,15,12,7,2,8,8,3,2,13,9,6,7,8,11,9,11,12,7,14,2,2,11,15,8,11,13,10,5,6,2,9,4,15,12,5,6,9,9,10,2,12,12,6,11,5,8,5,11,6,8,14,9,4,10,10,11,13,8,8,4,4,3,12,3,3,14,9,13,14,13,2,4,8,10,9,11,3,2,5,15,5,7,6,12,15,3,5,7,3,4,6,10,2,9,2,6,5,8,6,4,11,3,8,14,7,7,13,2,7,4,14,7,6,7,14,5,12,6,9,9,7,14,6,8,14,6,4,6,9,9,11,13,2,12,10,7,4,13,6,5,3,4,10,2,7,15,13,6,15,6,10,13,4,4,2,9,2,12,11,15,7,12,2,14,6,12,15,7,14,6,10,7,10,9,12,9,7,9,8,15,10,15,6,15,7,8,2,15,4,2,10,9,3,2,15,11,15,9,7,12,10,12,4,13,7,8,13,2,10,5,4,9,10,7,8,5,13,5,3,8,11,15,14,15,4,8,6,9,8,8,13,3,8,10,8,15,13,14,11,14,5,3,12,5,6,3,11,9,4,11,7,13,12,8,10,8,14,12,15,14,7,9,15,7,10,10,8,2,3,9,12,7,8,8,15,14,9,9,10,10,13,14,14,6,4,13,12,7,14,7,14,9,11,6,13,4,13,9,5,9,14,2,5,11,14,10,15,2,14,6,5,9,11,15,2,2,2,2,10,13,7,9,2,14,4,8,3,12,3,2,10,2,6,12,12,5,13,13,8,11,4,3,6,11,13,9,12,11,10,4,5,14,7,2,7,5,9,3,12,15,4,6,2,2,5,7,12,6,7,14,12,2,9,10,6,9,9,7,4,6,9,3,10,6,13,10,4,10,9,12,13,13,3,7,12,3,9,7,11,10,7,10,5,8,5,6,6,2,6,14,14,15,4,12,13,14,11,14,2,11,11,15,10,6,4,4,10,7,15,14,9,3,6,4,3,8,5,7,13,6,14,10,4,5,6,4,14,14,3,7,4,6,4,12,9,5,4,9,15,5,10,2,14,11,7,14,4,14,14,2,6,5,4,4,8,6,3,9,4,13,15,13,4,9,10,13,5,10,13,13,15,8,2,4,15,9,8,5,15,4,9,13,6,2,2,5,12,12,9,5,6,11,14,12,6,3,7,4,9,6,13,7,3,7,6,14,4,15,9,5,4,2,14,4,6,15,10,12,7,11,2,8,2,12,10,5,10,6,12,11,15,15,10,5,12,14,6,13,14,11,4,6,11,11,3,3,14,4,12,2,8,8,15,9,8,13,4,6,3,8,6,11,3,12,10,14,12,2,10,10,11,2,2,7,11,11,6,2,9,2,6,14,9,13,9,2,11,8,15,2,15,7,2,2,14,13,13,13,10,5,5,8,13,5,2,5,7,3,3,4,12,7,2,7,9,2,2,13,10,15,7,7,13,14,14,6,2,5,8,11,10,4,5,9,12,6,13,6,14,8,11,12,6,2,3,14,11,3,14,5,13,3,9,2,12,11,14,12,2,4,4,15,5,7,12,3,15,7,12,10,7,2,9,9,9,5,7,13,4,13,6,8,11,9,10,5,6,10,2,12,14,7,12,13,9,12,2,2,9,8,4,15,2,9,10,12,5,10,10,13,5,12,10,12,13,11,10,4,9,7,11,14,5,12,2,9,7,5,15,9,11,15,11,7,14,2,8,5,15,10,3,4,11,14,5,13,7,15,10,15,14,3,4,11,15,11,4,4,5,12,10,10,13,13,11,11,10,4,7,14,11,6,2,15,14,9,11,13,6,3,2,5,9,9,13,11,6,3,7,15,14,9,15,3,11,14,15,11,13,4,12,12,5,12,8,4,13,3,8,6,12,4,3,12,12,7,8,8,6,2,5,6,8,11,12,5,8,12,11,2,3,8,13,11,11,4,3,4,7,12,12,10,15,8,14,8,13,3,10,12,10,8,8,14,6,13,11,11,4,5,8,2,6,12,8,5,11,6,3,3,9,13,13,9,4,6,3,9,10,9,3,5,4,8,9,10,15,8,10,15,9,14,13,4,4,4,11,13,10,4,9,12,15,4,10,9,13,12,2,15,3,3,5,3,2,15,6,9,13,7,3,13,6,12,10,4,15,3,4,2,3,6,8,3,15,13,7,3,13,3,2,3,13,10,4,14,12,15,3,12,2,15,9,9,12,11,3,8,14,11,14,14,11,5,14,14,14,6,8,11,10,13,8,11,9,11,15,11,5,14,7,13,10,13,8,11,12,14,3,10,8,7,5,3,4,12,6,7,13,11,14,4,2,15,9,12,3,12,6,11,11,2,14,3,7,14,6,11,14,15,14,12,7,9,15,14,7,13,3,2,10,5,4,13,8,15,4,6,15,14,12,10,4,7,13,8,12,10,5,10,9,11,2,8,3,3,6,5,13,11,13,11,8,12,14,12,13,9,9,2,3,7,12,6,13,2,3,9,6,8,3,7,9,7,11,5,10,13,15,7,3,11,14,6,14,5,3,5,10,8,10,11,8,13,15,12,5,2,7,8,2,9,7,10,11,3,6,12,10,10,15,11,6,3,9,11,2,11,11,2,3,13,14,5,8,4,6,13,4,10,3,5,6,11,14,8,14,11,5,5,12,11,13,5,13,14,8,12,15,8,14,6,9,5,2,3,10,5,14,12,2,4,13,12,3,4,3,6,4,8,8,12,14,13,6,8,10,8,4,12,8,4,8,12,9,4,4,2,5,9,6,12,6,9,11,3,10,5,2,7,11,4,4,3,14,3,14,14,7,5,2,9,2,4,13,15,10,2,13,5,13,7,3,15,13,8,10,2,4,10,7,9,13,2,2,4,2,5,9,6,13,2,12,15,3,2,7,5,3,12,7,15,10,9,8,8,3,4,4,13,14,2,7,15,13,10,4,11,12,6,2,9,10,5,3,6,4,15,9,8,13,7,3,9,15,14,15,11,8,11,5,8,5,9,5,9,13,2,10,11,12,14,4,2,15,12,6,10,7,8,2,6,4,8,11,3,4,14,15,3,10,2,4,12,4,6,2,13,13,10,9,3,6,6,7,3,14,12,8,11,5,9,15,15,9,7,2,15,13,7,13,10,6,3,12,4,11,13,9,14,11,13,9,14,12,10,12,13,4,2,13,15,3,9,12,5,5,13,12,12,8,6,9,9,11,6,12,9,14,2,9,8,6,13,9,12,13,9,14,2,11,14,10,11,8,15,14,8,14,14,6,3,11,2,3,2,4,5,13,12,10,10,14,10,5,15,12,10,6,2,15,15,15,2,15,8,4,12,14,4,7,12,10,8,3,7,9,13,7,8,6,6,4,5,10,11,7,13,10,15,15,15,15,12,13,9,13,5,12,11,12,7,4,5,11,11,11,3,14,3,11,12,5,12,14,5,3,11,12,4,9,7,12,14,10,15,2,7,14,2,11,6,4,8,7,11,3,6,4,10,5,2,4,4,11,15,4,2,7,3,4,15,2,7,14,9,13,14,2,9,7,11,12,11,14,5,9,5,2,7,14,5,6,2,8,11,9,14,3,10,6,14,15,14,14,15,15,3,11,5,8,4,2,11,2,4,10,8,14,8,5,5,14,8,7,9,15,3,4
Solar1,8,13,5,12,5,14,4,4,10,15,11,15,15,6,9,4,6,14,2,15,4,12,4,12,3,11,3,5,12,12,12,12,6,2,6,3,12,14,13,7,6,13,3,9,6,10,12,13,4,7,12,7,8,2,10,11,5,5,10,9,4,4,3,6,14,2,9,11,15,15,2,3,2,15,7,5,9,8,15,4,15,5,5,7,5,4,7,13,14,2,5,3,9,8,10,3,13,6,7,11,3,2,5,8,11,3,15,8,5,4,14,2,15,4,10,2,7,13,15,9,6,3,4,10,14,15,8,7,3,3,6,7,5,14,5,9,12,7,9,9,9,8,7,9,10,9,10,14,9,11,11,2,5,9,12,8,15,12,12,14,5,8,8,15,12,12,4,13,11,15,10,8,4,14,14,13,15,3,8,13,15,2,2,9,12,2,10,4,9,4,3,13,14,12,6,7,10,5,5,13,5,4,7,14,13,5,8,10,3,15,14,14,7,2,8,11,13,2,14,2,14,4,4,3,10,8,5,10,11,4,4,9,10,9,7,14,2,8,10,3,15,9,10,8,5,3,13,8,7,12,9,14,9,12,11,15,5,14,3,14,3,11,11,12,6,11,2,2,4,4,10,10,6,7,13,15,9,13,11,9,15,5,15,2,14,8,3,8,3,4,14,15,4,6,6,8,7,15,10,4,8,15,15,9,9,2,8,13,15,2,13,8,13,2,5,8,8,9,14,7,2,14,3,13,9,4,10,11,12,2,4,7,7,4,9,4,15,14,2,13,6,2,3,9,2,14,4,15,7,15,7,13,11,10,14,12,12,2,5,5,4,13,10,3,2,7,2,15,6,10,8,6,11,8,10,14,13,12,10,9,8,3,11,11,9,2,11,7,15,3,14,9,14,12,6,6,3,3,13,14,5,11,6,13,15,2,4,13,8,10,11,2,13,6,12,3,5,12,5,12,12,11,2,5,3,11,3,3,6,13,10,7,7,7,8,4,5,4,14,2,6,12,7,14,12,12,14,14,8,11,11,15,8,7,3,3,6,11,11,13,14,15,8,12,3,7,4,12,11,7,5,5,4,13,10,8,4,6,5,5,5,12,3,7,9,11,4,9,7,4,9,3,8,14,15,5,10,11,10,10,6,11,13,11,9,13,9,15,15,9,12,10,8,5,11,12,9,3,7,6,6,5,10,14,12,9,13,11,6,12,10,4,4,15,7,10,5,13,12,12,11,4,15,7,15,6,11,8,6,11,6,2,7,11,9,2,9,14,6,13,9,7,10,11,10,7,6,15,4,15,4,2,6,15,2,13,15,10,14,2,6,8,12,15,5,15,13,5,12,8,6,12,12,11,7,5,14,7,13,5,14,11,6,3,10,11,3,7,10,3,11,4,9,15,11,2,6,12,9,8,3,2,8,10,15,13,2,2,2,3,13,2,15,11,13,5,4,2,9,6,13,6,2,10,3,5,14,7,7,6,13,12,10,12,15,11,11,2,5,8,9,4,5,7,6,4,11,4,12,9,11,11,10,5,11,4,8,11,8,2,12,7,3,4,10,9,13,10,10,3,13,6,15,7,5,9,10,14,15,8,11,15,14,2,12,5,12,14,8,4,3,7,5,15,7,11,10,8,6,14,8,11,12,5,4,7,2,4,6,6,5,15,6,14,5,4,12,7,5,8,12,5,8,13,13,2,2,4,11,10,2,6,9,2,6,15,12,4,7,9,5,5,15,4,6,8,2,13,13,12,8,3,6,2,14,9,11,11,13,15,12,3,11,5,7,2,8,15,9,11,14,8,11,7,10,15,10,4,4,7,11,5,14,5,2,4,6,15,10,14,2,8,2,6,14,9,12,9,15,12,10,14,3,3,5,11,6,4,5,4,4,12,2,3,15,2,2,4,9,2,6,11,12,4,9,11,13,9,11,7,10,3,10,10,14,13,5,13,6,11,13,4,12,15,10,3,9,9,9,5,14,2,7,15,11,14,10,11,3,8,5,4,11,14,5,5,9,3,9,13,10,11,9,8,3,5,11,11,11,12,9,11,5,7,7,6,8,13,9,3,12,3,10,13,6,8,2,6,14,9,13,4,12,6,15,9,15,10,14,15,3,13,15,2,8,11,9,7,2,8,11,8,7,13,15,10,10,5,9,4,13,10,11,15,5,15,11,15,7,14,5,5,11,3,2,15,2,8,8,2,3,11,15,13,8,10,4,2,3,8,8,6,6,5,6,15,6,7,13,10,5,6,3,12,8,8,2,3,8,6,11,5,5,6,2,10,5,4,4,7,12,13,4,2,11,5,14,3,14,11,14,9,12,6,4,7,12,15,11,7,4,3,11,12,3,15,15,9,9,4,15,5,5,4,12,11,14,9,8,4,9,13,3,9,5,7,5,11,2,9,12,6,11,3,10,2,14,12,8,5,5,9,7,3,4,8,12,14,8,14,13,7,6,4,6,15,9,6,6,5,10,4,6,4,9,9,3,10,4,5,14,12,8,13,15,12,10,14,4,12,8,10,12,12,2,10,8,15,6,2,8,6,4,5,6,14,4,9,3,2,8,4,10,11,15,8,8,4,12,2,8,10,6,14,2,12,15,12,10,3,11,11,10,13,7,5,4,13,15,11,2,8,10,7,12,14,8,10,15,4,5,2,6,10,3,2,14,5,13,12,8,5,3,9,13,12,4,6,12,4,7,2,4,15,6,3,4,3,4,4,8,7,7,14,2,3,12,4,8,6,6,6,4,14,14,3,12,7,13,13,15,7,5,13,13,12,14,4,14,4,6,10,11,5,10,10,6,6,7,4,11,8,10,13,13,7,6,9,12,13,8,12,13,4,4,9,5,13,10,8,5,5,14,3,5,3,11,5,13,11,13,15,8,13,6,7,10,12,7,14,11,12,7,2,14,14,11,2,9,5,2,13,12,14,15,8,2,8,2,12,4,6,10,2,11,14,3,4,5,13,10,14,2,14,5,7,12,7,3,14,9,5,9,15,9,13,3,8,4,15,8,8,2,9,7,9,15,2,5,5,6,6,6,12,13,13,3,5,3,11,8,2,14,12,3,8,12,9,10,15,15,13,7,2,5,3,12,4,3,3,10,14,3,5,12,9,5,10,12,13,10,9,15,13,13,15,13,6,4,7,7,11,14,2,8,3,14,9,11,12,8,10,3,10,10,5,3,6,7,9,10,11,12,6,13,11,6,13,4,6,11,4,8,14,10,8,14,5,15,7,3,14,8,4,4,7,13,7,14,7,3,7,13,3,15,7,12,10,2,12,11,8,4,10,15,4,11,4,2,9,4,14,9,4,5,10,3,9,6,13,9,10,3,5,7,13,11,3,5,2,3,3,8,8,9,4,11,4,5,6,14,3,13,7,5,9,2,12,15,4,9,10,14,12,10,11,4,8,14,9,4,4,11,13,7,12,4,15,13,14,8,5,10,10,10,8,7,9,6,9,13,4,15,14,15,6,12,15,13,13,11,14,8,8,12,2,5,11,14,9,7,9,11,2,13,13,8,3,14,9,5,7,7,11,9,6,3,2,13,2,5,11,14,7,9,5,10,11,3,13,3,10,9,13,5,10,5,3,3,14,12,11,6,6,2,6,11,14,14,8,11,5,12,6,2,8,3,12,3,4,7,14,10,3,14,2,6,15,11,2,2,9,15,4,11,13,11,10,2,2,11,2,14,3,2,8,6,14,14,15,2,6,6,13,10,10,3,6,13,11,4,8,4,11,14,10,10,6,5,13,14,12,12,8,13,14,3,15,13,3,4,6,11,5,7,11,9,12,10,7,6,7,13,7,14,3,14,15,11,3,3,13,15,8,5,7,4,4,13,11,7,4,7,7,5,14,2,4,8,11,10,13,8,15,14,6,13,9,3,14,11,8,7,9,7,8,3,2,5,3,7,3,12,2,10,9,5,12,2,5,5,8,12,14,9,3,14,7,13,8,3,2,9,12,6,11,14,11,15,4,14,10,12,5,12,10,15,8,10,8,7,9,7,12,4,7,8,3,11,10,8,2,4,11,14,5,10,2,8,9,4,3,11,3,4,5,10,13,15,5,10,8,5,12,7,12,5,11,12,7,5,3,2,11,15,15,4,3,5,15,9,6,7,12,5,7,2,6,3,8,4,13,12,5,9,13,2,2,9,3,9,14,3,10,5,4,10,6,12,11,15,5,8,13,10,3,15,6,10,6,15,15,9,4,7,6,6,6,5,14,8,15,7,2,4,11,5,14,14,15,8,5,6,4,7,5,13,5,11,4,15,9,14,15,14,11,11,8,3,2,2,15,9,13,11,12,15,15,13,13,8,13,5,7,14,15,5,5,5,9,7,10,7,9,4,2,2,11,2,15,9,4,12,10,15,12,8,8,9,5,14,5,2,14,12,10,7,14,2,15,13,14,3,4,10,11,13,5,15,3,14,11,2,4,8,8,7,15,12,4,9,14,4,12,15,13,5,2,6,15,11,14,6,8,3,3,3,13,13,5,12,4,14,9,2,4,7,9,11,15,9,7,6,9,2,14,3,10,10,6,5,15,7,13,7,10,4,3,15,15,7,15,9,4,12,9,10,15,8,2,4,11,8,10,6,3,7,5,15,12,14,9,15,15,8,3,4,3,7,11,9,15,9,10,6,2,14,11,12,7,3,12,8,2,8,15,15,4,10,12,12,3,2,15,11,9,3,14,2,9,14,2,2,7,8,15,13,6,4,13,7,12,12,12,4,4,15,4,10,8,11,5,2,8,13,11,4,12,6,9,12,2,5,14,15,6,11,11,2,15,4,3,3,2,5,5,5,3,6,4,15,5,10,8,9,6,3,11,15,12,10,9,9,3,8,8,15,7,7,8,5,5,5,12,9,6,13,7,12,15,15,14,14,2,13,10,13,7,7,12,3,14,15,13,7,6,11,5,6,12,6,12,11,5,3,9,5,10,3,9,14,7,2,2,11,12,3,8,7,11,7,8,3,12,9,12,10,6,11,4,6,15,3,12,11,7,13,5,13,7,12,15,11,9,6,11,14,13,6,2,5,2,13,8,2,9,8,9,3,13,11,8,15,12,9,12,4,10,4,10,12,5,14,9,3,2,8,6,9,3,14,5,9,13,14,4,11,10,14,4,8,9,7,15,6,9,6,7,9,14,4,10,10,13,2,2,4,2,5,11,14,3,9,10,12,3,4,3,9,3,9,3,11,8,14,2,4,8,9,10,14,13,8,2,11,9,2,3,13,15,9,13,4,2,9,7,7,8,11,14,13,12,4,10,15,2,11,8,12,12,10,14,6,2,11,9,5,6,6,14,9,11,11,12,5,3,11,11,14,12,3,5,7,15,13,4,2,13,10,15,11,8,8,2,6,13,9,10,13,7,2,15,4,15,11,7,6,3,9,14,11,7,8,9,7,3,5,8,11,7,3,13,15,4,9,13,10,2,8,5,11,5,6,6,3,11,2,15,4,5,7,9,11,4,7,5,8,4,8,2,11,4,10,7,14,11,6,15,12,5,5,4,8,5,8,9,8,3,3,8,6,3,8,9,6,9,12,3,10,15,10,9,10,15,13,11,12,5,7,3,10,13,11,12,2,8,15,2,11,4,15,8,2,15,13,10,12,5,15,3,13,7,4,12,14,4,9,8,12,12,6,15,6,2,7,11,6,10,3,9,10,10,10,7,10,11,4,4,8,6,11,8,4,15,3,13,3,2,4,12,10,2,15,9,13,12,3,11,9,7,10,7,15,3,2,9,5,13,7,13,8,2,13,10,13,12,15,11,9,4,8,12,13,12,7,14,8,13,12,5,4,9,11,2,11,2,11,4,13,12,8,12,9,11,6,6,10,5,14,6,8,9,10,5,3,11,15,8,11,7,4,7,3,4,12,10,13,6,15,9,10,6,13,12,13,15,3,10,13,12,12,13,6,8,8,5,10,2,6,13,11,15,10,2,6,7,13,5,11,10,4,7,8,13,12,4,5,14,11,6,2,11,15,12,6,3,14,4,4,6,5,4,3,14,5,5,15,2,15,7,12,8,15,3,13,10,15,10,10,3,12,5,14,14,13,13,4,10,9,15,9,7,7,12,2,5,9,6,12,2,4,6,10,9,3,12,3,14,10,3,5,13,3,8,14,14,5,10,15,9,4,8,8,2,7,9,10,10,2,5,3,2,2,3,15,3,4,4,9,4,13,6,5,9,7,10,9,2,4,4,6,3,13,4,2,14,14,2,3,2,12,2,7,10,8,8,8,2,2,15,5,13,9,8,13,2,5,4,6,6,13,9,11,13,8,9,11,3,13,10,3,13,11,7,10,12,5,2,6,3,10,2,6,5,14,13,6,13,14,14,10,4,8,2,11,8,13,7,5,10,6,11,9,11,14,10,5,2,11,10,4,3,5,4,4,6,12,2,8,11,4,15,2,5,14,7,4,6,13,11,7,11,9,11,6,3,8,7,14,6,10,8,9,8,7,12,11,3,4,9,11,5,9,6,12,15,6,9,7,4
Solar2,11,8,8,10,14,12,3,8,15,12,12,2,2,15,8,15,3,9,2,13,9,3,7,13,15,9,7,8,8,13,3,14,15,8,14,11,2,11,4,12,5,11,5,3,5,12,4,3,4,2,12,2,10,12,3,6,3,13,7,8,12,14,12,6,10,10,9,3,3,8,4,5,5,13,12,4,6,3,9,7,7,2,8,12,12,2,13,12,15,6,2,13,15,8,7,5,8,11,2,12,2,10,13,8,10,6,6,3,14,4,15,5,15,9,10,9,7,3,12,15,10,8,15,8,6,8,9,8,12,9,14,2,2,13,4,8,7,9,13,10,9,13,13,9,7,12,2,7,9,4,8,15,3,14,7,15,7,11,4,14,3,12,15,11,7,12,2,5,7,8,9,3,15,4,4,13,15,4,13,5,2,13,12,9,3,12,15,12,13,11,6,8,15,15,3,6,4,2,9,14,10,6,12,9,8,11,4,13,3,3,8,5,14,10,5,11,6,11,13,6,4,3,5,9,13,6,10,15,10,10,10,7,6,15,3,2,5,5,2,3,7,14,5,15,12,12,6,13,2,13,15,15,3,6,6,13,15,2,12,13,3,9,15,9,6,7,12,10,11,13,10,10,7,7,12,15,9,10,6,7,6,7,6,6,10,9,15,9,3,9,2,15,7,2,8,14,2,10,11,7,10,10,2,8,6,10,12,15,6,7,9,12,6,10,11,9,4,10,12,10,6,13,15,7,9,14,15,7,12,14,15,2,2,11,15,13,14,7,3,6,13,3,4,10,9,15,7,5,12,15,11,9,8,3,7,10,9,10,2,8,10,8,13,5,6,12,2,11,10,5,12,2,10,8,2,6,15,5,10,2,5,10,13,11,3,3,2,6,12,6,13,8,2,12,7,6,2,15,7,5,13,9,8,9,7,13,8,9,4,3,2,6,15,3,3,2,3,9,9,10,11,5,7,13,9,3,9,11,8,2,3,14,9,10,11,15,11,10,10,14,10,13,6,14,4,9,6,6,6,4,5,10,8,4,8,2,14,13,9,13,11,6,2,13,13,2,7,10,7,13,12,9,5,11,12,6,13,11,4,13,8,10,5,15,12,9,13,7,3,11,11,13,11,9,11,2,15,10,15,15,14,11,4,5,14,15,2,14,2,10,8,10,8,12,2,6,4,13,7,14,15,10,13,4,4,11,7,13,3,12,11,6,2,13,8,13,8,10,9,7,7,3,11,14,2,3,4,5,15,2,7,4,9,3,9,2,15,15,3,11,4,7,12,12,13,4,11,6,5,6,8,9,13,9,5,2,15,6,2,12,5,12,8,7,7,8,14,15,5,12,14,13,2,8,13,15,14,14,9,9,2,15,6,9,8,15,11,10,14,14,2,13,13,7,14,2,4,2,8,11,12,15,2,7,8,9,11,15,10,13,11,8,13,14,10,13,15,3,3,14,13,13,13,6,15,15,12,14,15,12,2,12,11,11,11,15,12,14,6,5,14,8,15,4,12,6,2,12,8,4,6,9,12,7,10,12,9,10,11,7,13,10,7,15,13,9,7,9,13,9,14,4,7,4,6,8,7,5,4,6,6,12,4,6,12,15,11,7,3,4,11,7,7,10,2,12,11,11,8,6,9,5,6,7,6,3,3,11,13,3,14,8,4,10,8,14,8,9,9,4,7,10,13,7,4,2,9,14,8,5,14,10,15,12,6,6,10,14,5,11,13,13,2,9,13,6,8,15,2,8,7,12,5,4,15,4,2,14,8,6,9,10,8,6,7,2,4,9,6,14,11,3,11,14,10,10,14,13,3,12,2,13,12,15,4,8,6,14,3,6,10,6,3,9,6,11,13,4,11,8,15,11,15,4,9,9,7,8,14,9,4,9,6,3,7,8,3,9,12,7,8,9,13,4,7,2,10,14,13,3,8,3,14,9,14,5,5,12,14,8,7,11,8,2,10,3,11,11,4,6,15,9,3,9,8,13,13,2,15,7,9,13,6,11,15,14,12,2,11,13,10,9,4,14,11,10,6,6,13,9,2,14,4,14,14,5,10,8,4,6,11,7,2,5,15,15,9,11,9,14,5,15,15,8,6,10,8,7,6,6,7,6,8,13,3,12,2,11,2,12,8,14,15,6,3,7,5,5,5,9,10,5,14,6,2,3,2,8,12,4,9,7,2,5,9,10,4,14,14,3,7,11,10,12,11,7,6,14,10,6,15,4,7,10,6,2,15,8,5,6,5,15,13,9,10,4,12,6,8,8,15,12,5,7,2,14,11,13,3,10,14,5,9,11,4,5,10,15,2,9,8,5,11,9,9,6,7,14,15,3,3,15,13,6,7,14,15,15,12,13,12,14,11,5,11,15,14,15,2,11,6,13,12,3,11,14,15,12,9,6,5,11,3,7,7,14,14,11,6,13,2,7,12,12,8,3,12,13,10,11,15,10,5,2,14,5,3,6,13,7,2,10,14,15,4,15,12,2,5,4,6,9,11,11,5,3,8,13,14,7,6,14,2,8,6,10,13,11,8,11,9,6,5,3,4,14,8,4,5,13,11,2,10,7,4,6,12,14,12,13,5,9,5,8,5,15,14,13,9,12,8,7,15,15,15,9,3,14,5,3,10,8,6,10,10,13,5,10,6,11,5,15,13,3,2,11,12,13,11,9,13,13,5,7,7,8,12,14,12,12,3,13,3,6,4,3,13,2,11,11,4,12,6,2,7,12,6,9,13,5,9,11,13,10,8,4,3,2,2,6,4,13,6,11,13,5,13,11,6,10,7,3,3,9,14,14,7,6,15,13,15,11,2,6,8,10,11,3,10,11,6,13,4,12,9,2,5,14,14,2,4,10,4,15,5,13,9,8,7,9,13,12,8,3,10,6,7,2,2,5,14,11,10,9,7,10,9,13,7,4,8,13,12,11,15,2,4,3,14,6,9,6,4,13,7,8,12,11,15,7,9,14,7,5,6,12,2,11,2,14,5,12,7,5,3,12,11,6,6,2,5,9,8,14,13,14,14,9,6,14,4,7,8,4,8,14,15,9,13,14,13,6,11,8,6,14,8,4,14,9,6,2,9,11,4,11,12,14,15,8,13,8,11,13,8,15,12,13,7,12,6,8,3,7,5,6,7,3,7,8,12,6,7,3,13,2,2,6,5,14,3,7,2,11,12,6,15,2,2,12,8,8,11,14,12,2,15,6,3,10,14,10,14,6,11,5,14,8,8,14,10,8,5,3,8,5,6,7,10,9,4,8,9,13,9,3,10,12,2,12,2,9,2,7,10,11,2,3,14,10,10,12,7,3,12,11,2,5,6,10,14,4,3,15,2,10,11,13,2,3,13,3,4,3,7,7,13,15,9,15,4,4,9,14,2,11,4,15,11,8,11,2,14,3,3,4,15,14,10,6,11,6,13,11,12,11,3,3,4,15,12,11,7,2,13,7,9,9,3,12,8,11,9,9,13,15,5,3,11,3,10,11,6,5,9,15,10,12,2,7,7,15,7,12,2,6,8,14,12,14,15,3,13,7,13,10,14,8,4,15,5,12,4,3,6,13,3,2,10,4,4,9,12,15,9,15,10,4,2,7,5,12,13,5,6,10,2,4,14,13,8,14,13,2,5,7,13,12,4,15,13,13,12,12,15,2,3,3,4,6,13,11,6,10,10,14,2,11,9,11,2,14,5,4,8,2,6,7,10,11,2,2,9,11,3,12,3,4,13,5,3,7,13,8,9,15,12,7,8,13,4,7,12,5,11,13,14,15,3,13,14,8,2,15,2,14,15,14,8,11,12,9,11,6,8,11,9,4,11,6,14,14,10,6,11,12,5,5,6,9,6,14,6,9,8,13,5,11,13,6,8,9,14,6,4,4,11,9,14,12,6,2,5,13,11,2,9,15,2,13,3,3,6,11,14,3,14,8,5,12,15,10,6,8,2,4,10,15,11,8,11,15,12,13,4,14,4,11,8,10,5,13,13,13,7,3,2,11,2,12,4,7,4,6,7,5,11,11,10,6,8,5,7,14,15,15,15,5,8,7,13,5,13,13,15,11,5,7,13,5,7,14,9,7,5,9,7,15,5,7,10,13,2,11,3,13,12,7,2,10,11,4,15,13,15,11,14,9,12,2,15,13,6,4,11,2,12,6,7,13,3,14,15,2,13,7,13,5,12,4,2,5,11,11,13,12,14,9,11,3,10,2,6,13,8,14,4,8,15,7,4,3,6,5,15,12,9,5,2,9,8,5,10,4,13,3,13,13,9,13,2,5,7,10,14,4,15,9,7,15,9,4,3,4,15,6,6,9,14,3,12,10,12,12,3,14,12,13,6,11,6,10,12,12,14,10,15,8,3,2,11,12,4,15,4,4,13,4,9,12,3,10,3,15,2,11,2,4,8,5,4,5,7,6,8,2,11,6,3,13,7,8,7,10,8,10,2,14,13,10,6,11,2,6,13,10,12,8,8,10,5,2,4,10,12,5,14,12,12,12,8,11,7,9,5,13,4,15,6,6,11,8,2,8,14,9,6,12,11,5,5,5,3,13,6,8,15,5,11,8,9,2,14,15,5,5,9,6,11,14,3,3,10,15,3,4,12,9,14,11,14,10,4,6,7,5,12,11,11,12,12,3,5,3,9,15,2,4,2,3,14,3,15,6,12,8,14,15,13,11,15,5,14,9,15,14,9,8,5,8,3,15,10,3,14,8,6,7,11,13,13,3,7,14,6,15,7,12,15,15,14,10,15,4,4,9,7,7,15,7,4,11,6,4,13,2,7,12,6,2,10,3,6,7,13,14,6,11,14,12,11,6,13,2,12,3,12,9,15,9,9,14,6,3,9,7,6,5,7,6,5,4,14,12,2,13,3,2,2,13,12,3,3,10,5,2,13,8,3,10,4,7,11,4,2,6,7,11,15,10,4,12,8,5,12,2,14,13,5,12,10,7,6,8,3,5,11,2,7,15,8,8,2,3,4,2,5,12,9,3,3,12,6,2,10,7,14,12,11,7,10,11,15,14,2,3,15,13,14,12,15,11,6,3,2,7,6,5,7,8,2,11,8,4,10,6,10,14,4,14,15,11,7,8,7,5,6,6,7,14,4,12,14,14,2,5,10,7,8,6,14,3,14,9,3,14,5,14,4,11,8,6,14,3,11,15,10,13,4,4,9,2,4,13,6,2,15,4,4,11,9,10,4,12,14,15,11,12,5,6,13,3,7,12,3,4,10,9,14,3,15,13,7,13,8,9,15,5,6,14,5,14,6,14,11,7,8,8,14,8,12,4,4,14,4,4,9,14,5,10,3,5,15,12,15,7,4,2,12,9,12,11,14,11,3,4,4,14,7,11,8,6,2,9,5,2,9,6,5,6,3,2,7,14,2,15,3,10,9,2,5,13,4,7,3,13,13,10,10,11,15,10,4,15,2,9,8,10,5,11,15,2,3,13,9,12,4,9,11,15,14,10,5,8,10,7,2,10,5,8,2,15,9,2,12,3,3,8,14,9,12,3,15,13,8,2,12,4,12,14,5,10,3,2,3,12,12,5,2,15,3,12,4,8,7,10,11,14,6,15,13,5,6,10,12,7,14,6,2,5,13,13,12,11,14,13,12,10,13,13,3,2,15,7,5,9,8,12,2,7,9,2,15,6,13,14,4,3,11,11,2,9,15,11,10,3,7,9,2,10,2,8,10,5,7,6,8,8,8,2,11,9,8,3,5,9,10,9,13,13,13,8,3,6,3,2,7,6,10,13,8,3,6,4,11,5,14,12,9,8,14,11,5,13,9,7,2,11,12,11,10,12,8,8,7,8,8,9,3,14,11,7,12,9,8,7,14,15,4,6,8,12,11,12,14,4,13,12,2,9,8,11,6,4,13,6,14,9,3,3,9,7,2,6,9,14,7,8,4,5,5,10,4,15,10,2,5,13,8,4,3,10,8,9,15,9,6,12,15,5,14,14,6,3,5,13,10,2,14,10,8,10,13,5,3,13,14,12,6,9,12,13,15,10,5,8,8,12,11,15,9,11,5,3,13,11,4,3,13,9,15,3,6,6,12,11,13,3,12,3,12,8,15,7,2,9,3,2,15,8,6,8,4,2,5,9,6,2,12,13,15,6,4,15,12,7,3,5,6,9,4,2,15,14,14,14,13,12,15,7,4,9,2,11,6,6,14,8,2,13,6,15,10,4,14,12,8,5,13,2,2,15,10,8,15,14,15,3,12,9,13,5,9,12,15,2,14,2,9,11,11,2,10,8,11,2,8,12,7,10,4,2,8,10,14,8,12,11,3,3,15,9,14,2,15,10,13,15,4,8,5,2,15,6,4,13,5,4,4,9,7,9,12,14,3,9,8,12,10,7,2,5,7,4,6,2,10,10,13,6,15,15,8,15,9,12,4,5,4,10,6,7,7,11,11,14,6,2,13,11,8,14,6,2,11,2,9,13,7,8,15,13,9,3,13,11,5,8,5,3,6,6,8,14,2,3,7,4,2,14
Solar3,13,11,14,15,6,10,5,3,4,11,10,12,12,15,7,15,14,6,12,15,13,3,5,7,5,5,14,3,8,3,14,8,15,9,13,13,5,14,7,12,9,2,9,6,2,6,5,10,15,7,11,4,8,2,2,4,2,9,10,6,12,7,4,8,14,11,10,9,7,7,12,7,5,5,12,15,5,12,5,8,7,10,14,12,3,14,2,9,2,11,6,13,11,4,12,8,5,7,6,14,14,2,8,5,9,7,13,5,9,11,14,14,13,4,3,8,11,7,11,13,14,14,11,3,12,2,15,5,10,13,3,11,5,8,12,5,8,14,15,7,4,9,3,10,3,3,6,4,15,3,13,3,4,2,15,15,13,13,4,5,9,13,8,8,3,4,13,6,4,10,7,11,10,6,9,12,3,6,9,12,10,8,3,3,13,9,5,4,4,11,10,7,2,9,5,5,2,9,7,3,6,3,6,9,14,4,3,3,9,6,5,8,5,14,11,6,11,12,9,6,15,9,2,8,13,5,6,13,5,2,12,10,6,3,5,13,13,6,13,15,13,15,12,11,14,15,6,15,4,5,7,3,2,12,7,2,6,6,11,12,5,2,10,14,15,7,3,11,15,12,2,10,3,4,2,3,4,12,6,12,12,13,4,14,5,2,5,5,9,10,2,10,5,14,8,8,9,6,6,12,8,12,5,14,12,15,10,7,7,8,12,13,8,3,15,11,7,8,5,11,12,9,12,10,5,15,13,11,6,11,3,5,9,6,11,13,15,2,3,11,11,13,8,5,8,12,2,7,13,7,3,13,9,12,5,3,9,10,7,10,15,15,3,2,8,10,11,10,9,13,11,11,4,6,9,7,3,2,5,13,13,3,12,9,3,2,8,12,10,7,8,14,11,14,9,4,8,13,13,13,6,14,10,5,3,3,3,6,15,11,9,3,5,13,8,14,13,10,4,7,14,7,2,15,7,2,13,5,2,8,4,2,3,4,7,4,15,14,2,4,14,4,3,15,6,8,5,11,5,8,15,12,7,11,7,8,14,2,4,15,10,10,5,14,11,5,12,2,15,14,12,14,15,10,6,5,12,11,2,10,13,7,2,10,12,11,8,5,7,8,7,5,14,13,14,3,7,4,12,4,3,13,12,12,7,11,5,3,2,8,14,8,4,8,9,11,2,3,9,9,15,14,7,13,11,2,9,7,12,10,3,10,10,10,4,12,8,14,11,7,3,4,8,5,12,2,9,13,11,13,2,6,9,10,2,13,7,6,13,13,11,8,8,10,5,12,7,11,8,9,6,10,4,3,11,3,5,4,3,5,6,8,5,6,11,6,5,2,4,9,9,12,6,12,3,13,2,4,6,13,4,4,9,4,14,3,14,7,10,9,12,12,12,5,11,15,5,12,13,2,7,6,9,2,14,9,11,9,10,5,14,12,10,3,6,2,13,11,4,4,4,2,15,11,15,9,4,2,7,2,5,3,10,12,13,9,8,2,7,14,2,12,14,15,9,10,2,9,15,7,7,4,5,4,15,8,8,6,10,2,3,13,9,3,3,8,3,14,2,7,9,6,2,13,5,11,5,10,4,12,12,9,8,8,8,2,13,7,14,5,13,15,15,5,8,14,3,9,2,8,14,14,4,3,10,7,12,7,3,11,6,11,9,10,6,2,13,13,2,12,7,8,11,6,10,3,15,11,13,3,7,4,12,5,4,2,3,14,7,10,12,14,4,10,2,7,5,11,3,7,2,11,15,2,15,13,3,14,7,6,14,13,12,2,13,3,12,9,7,10,9,6,7,6,2,6,4,10,3,8,7,6,8,12,14,11,10,12,8,15,14,5,5,12,12,10,9,14,8,2,15,2,7,7,8,2,4,15,7,11,4,6,8,8,7,11,14,12,5,8,6,13,15,8,15,9,2,2,7,3,8,13,5,11,3,2,13,13,9,15,4,5,5,14,12,11,8,9,13,12,2,12,10,15,8,15,5,14,10,2,9,3,6,15,15,7,13,11,14,5,5,2,7,9,8,2,11,3,11,7,5,9,8,2,9,13,2,10,10,8,10,5,6,5,12,7,11,10,15,2,5,2,8,6,7,8,9,13,7,2,14,5,8,8,3,12,10,6,15,12,5,15,6,9,11,12,13,7,15,8,5,12,2,3,11,4,9,14,14,5,15,4,15,3,4,12,15,8,4,13,14,15,2,3,11,6,10,11,15,14,3,5,14,14,7,10,7,3,8,10,15,15,12,2,3,4,7,5,12,13,2,5,10,8,14,5,12,2,3,15,14,9,13,11,7,12,3,15,12,5,8,2,11,6,6,9,10,3,3,14,9,10,14,14,14,12,7,7,11,5,11,4,6,3,3,2,2,4,9,6,13,10,14,7,4,6,11,10,11,14,9,12,3,13,12,15,15,2,11,11,12,11,10,9,10,9,3,3,14,7,13,4,6,6,9,6,14,10,4,2,3,9,2,2,9,2,4,15,10,3,5,6,15,8,2,2,10,12,12,12,15,12,4,6,13,12,8,5,4,10,7,15,6,5,4,6,14,9,12,10,9,14,13,3,11,6,8,7,15,15,3,15,12,4,8,3,6,7,8,2,9,3,12,15,11,7,10,3,7,5,8,15,9,15,9,10,5,8,8,11,9,13,12,2,5,10,10,3,11,8,13,14,12,9,6,2,2,10,12,4,10,8,11,8,8,5,9,2,10,5,13,5,4,12,13,7,15,4,12,8,5,12,10,10,15,2,12,10,6,11,13,6,12,9,10,5,5,14,12,9,12,5,7,14,2,3,12,7,9,12,13,6,12,5,8,3,9,7,12,14,10,11,4,15,12,4,7,9,2,11,11,6,7,15,9,4,8,6,15,9,3,10,11,2,14,15,10,11,14,9,8,10,9,3,7,3,13,11,9,14,3,8,10,3,10,5,11,14,3,13,8,14,5,5,5,15,3,13,9,9,5,13,15,15,9,15,7,5,6,5,5,13,10,15,12,8,8,6,6,12,15,14,6,6,11,7,6,5,5,4,5,15,2,14,12,3,10,9,11,4,2,5,13,7,3,11,6,13,9,11,11,15,10,2,15,4,5,7,2,13,11,6,15,12,15,14,9,8,13,12,3,3,11,2,9,4,7,15,7,12,14,7,10,14,2,4,8,14,2,7,6,6,10,11,7,5,2,10,6,7,14,13,5,4,5,14,13,3,8,10,6,14,9,14,4,14,13,11,14,6,9,4,2,6,11,8,12,15,9,11,9,9,2,9,12,9,7,4,2,10,12,15,6,5,10,2,15,12,3,7,5,4,10,2,9,8,13,6,15,4,13,6,14,2,5,9,15,7,11,8,7,13,15,3,15,12,13,12,13,3,2,11,2,12,6,10,15,4,8,2,8,13,10,4,9,14,5,4,12,10,6,10,6,10,2,10,12,7,5,10,3,15,15,2,15,6,13,5,13,6,10,15,2,9,13,13,4,8,12,4,9,13,15,14,14,10,11,13,11,2,8,9,9,7,8,2,2,15,15,4,13,13,2,15,14,3,5,6,15,11,9,7,5,12,10,14,4,7,10,11,9,10,7,8,8,3,15,3,4,2,8,14,8,9,3,3,12,14,3,9,5,9,7,8,4,11,4,2,10,6,8,2,4,11,7,7,6,9,6,13,13,2,7,11,2,6,3,5,3,10,8,11,3,9,14,3,8,5,9,14,15,10,9,7,4,13,2,6,11,6,12,12,11,11,4,15,12,11,11,3,7,9,5,11,6,7,6,4,8,14,10,9,2,2,12,9,12,10,4,13,5,9,9,14,3,9,8,7,15,8,13,10,14,4,4,3,10,6,5,6,2,4,3,14,4,6,13,8,5,8,14,15,11,8,8,12,8,13,10,15,3,11,12,8,11,12,2,2,10,14,12,5,15,9,6,2,7,9,15,6,13,3,2,2,10,8,9,14,12,5,9,7,12,2,6,14,4,3,6,6,4,6,7,7,15,13,11,6,12,2,13,10,5,5,6,13,8,8,13,13,13,14,8,8,9,13,10,2,15,10,14,8,10,15,6,3,3,9,9,8,5,15,10,7,7,4,9,3,12,8,12,8,14,13,9,10,6,11,8,8,5,4,15,2,3,8,9,11,7,3,4,14,4,6,11,9,6,11,3,4,12,11,7,2,10,7,8,2,3,11,8,14,5,12,13,5,5,15,11,3,6,7,2,7,8,2,14,5,5,2,3,11,3,8,13,4,11,3,8,12,15,9,10,3,14,15,15,13,8,8,4,10,7,7,15,14,7,15,8,6,15,7,12,4,9,3,6,9,7,6,10,3,15,5,10,10,9,5,14,9,8,2,11,11,15,7,13,9,11,9,8,7,8,5,6,10,9,4,5,6,7,12,14,4,9,9,5,7,15,10,4,6,6,9,7,14,11,8,11,2,14,11,9,12,9,15,3,12,9,7,14,6,7,11,12,15,9,7,13,4,4,14,4,14,3,7,5,5,9,13,8,10,3,12,8,13,11,14,4,5,15,9,4,11,9,3,10,6,10,11,13,8,2,5,9,6,13,2,10,5,9,5,15,15,4,5,12,14,10,2,10,8,3,3,8,11,14,7,3,3,14,12,15,7,15,7,2,12,9,2,14,3,6,15,2,9,6,13,5,10,11,12,8,4,13,2,10,14,9,2,14,10,2,13,7,9,15,7,10,5,7,2,5,8,15,3,2,6,10,14,4,6,10,5,13,3,13,4,6,9,11,11,6,9,13,13,10,15,12,7,6,4,5,3,6,8,10,10,7,2,13,14,4,9,3,14,11,13,8,3,2,9,4,2,15,5,15,3,15,8,15,11,14,6,13,11,5,7,14,5,13,4,8,10,10,3,5,10,14,10,15,14,13,11,13,10,14,6,15,8,13,5,10,10,5,9,4,11,14,5,11,7,3,13,5,4,11,13,7,10,10,8,10,9,3,14,9,7,3,15,5,6,14,9,14,4,14,10,7,8,3,9,3,10,3,4,11,15,14,8,4,3,9,13,10,7,7,2,5,14,5,9,8,6,8,8,15,6,7,2,12,14,2,7,6,3,6,8,4,4,10,5,4,5,14,6,10,5,3,4,6,7,13,4,12,6,6,4,3,8,14,15,10,8,5,13,4,10,11,9,10,2,4,12,4,15,13,11,14,8,10,4,6,15,10,7,4,8,10,14,10,3,6,15,10,10,11,10,7,6,6,11,13,3,9,10,9,2,7,6,10,9,7,15,6,8,6,14,2,6,13,2,12,5,9,2,11,11,3,2,10,2,14,10,15,14,6,6,9,9,8,15,2,7,3,4,9,3,15,4,4,12,7,8,9,9,5,15,7,14,12,5,14,10,14,6,13,12,2,6,2,15,5,2,3,3,14,13,7,8,11,9,11,10,12,3,2,13,7,5,12,2,12,5,9,11,8,7,11,11,2,14,12,5,7,8,7,9,10,14,15,7,6,2,4,8,9,7,13,2,5,4,8,14,8,11,7,10,10,10,3,4,12,14,9,6,3,11,12,15,15,7,7,4,12,9,4,15,15,7,6,3,9,11,3,4,4,6,5,9,9,3,6,8,5,11,15,13,10,5,11,8,15,2,11,15,7,6,6,5,11,14,8,14,4,8,5,7,11,13,14,4,8,15,4,4,15,6,2,8,11,15,5,10,13,5,11,15,15,9,6,15,5,2,14,10,12,3,14,11,8,8,4,14,13,5,7,4,5,14,4,9,8,2,12,4,13,9,4,5,2,8,12,3,10,6,5,11,10,8,6,5,15,9,15,11,4,4,10,14,12,14,10,15,3,13,12,15,11,15,10,11,14,6,8,6,6,6,6,8,3,2,13,10,9,13,5,13,13,9,2,14,12,12,6,14,11,8,12,9,5,5,5,10,14,6,2,11,10,2,8,14,5,3,13,8,9,7,14,3,12,10,14,5,15,13,10,11,10,10,14,6,2,15,15,9,9,11,5,9,9,6,13,13,9,6,7,10,10,11,14,5,3,10,15,6,7,10,6,9,14,13,9,13,3,12,7,8,12,4,2,7,2,8,2,3,12,7,11,11,13,13,6,8,14,15,15,11,11,8,8,8,3,11,13,6,4,15,8,12,8,12,6,15,9,9,11,8,3,7,15,11,13,6,7,14,11,15,6,12,7,15,8,4,8,11,2,10,9,11,14,14,10,13,5,15,6,2,9,3,8,3,5,11,8,5,12,5,5,5,11,5,3,14,3,13,11,13,15,11,5,7,4,14,5,9,2,2,4,6,6,10,13,14,11,4,14,11,13,13,8,2,5,4,5,12,8,5,4,3,11,10,10,6,11,8,3,13,3,6,4,5,14,8,10,14,8,13,5,9,9,15,10,2,15,13,10,12,8,5,5,13,5,12,6,14,9,13,13,6,2,12,8,12,11,8,2,13,13,3,8,7,10,8,11,10,11,13,15,3,7,13,4,2,3,6,5,10,2,4,2,4,14,6,3,6,14,7,11,10
Solar4,13,9,12,3,9,12,11,5,2,7,9,8,2,6,5,15,13,12,8,2,13,15,9,2,13,15,3,13,4,10,10,10,9,6,11,15,14,11,3,11,2,15,13,15,9,14,8,4,12,4,4,4,10,7,10,12,10,2,7,6,10,5,12,15,6,9,11,8,2,2,2,4,8,6,4,14,9,3,2,5,13,5,12,4,4,5,10,13,13,6,7,7,12,13,3,5,5,12,9,5,5,15,6,8,5,12,15,2,6,9,7,3,10,2,8,15,2,10,2,2,5,5,7,15,14,13,6,7,8,8,10,2,8,5,15,11,13,5,14,9,14,8,9,12,3,11,13,9,15,4,12,14,10,2,14,15,5,5,6,15,13,7,10,4,9,2,13,8,12,2,9,10,7,7,6,5,8,9,12,6,13,13,12,7,3,3,15,5,13,10,4,3,12,12,14,5,11,15,15,12,10,7,5,10,10,6,13,4,6,11,15,4,2,12,4,6,2,15,14,2,5,12,15,10,15,5,7,11,10,15,13,9,10,8,3,9,15,13,11,10,5,7,3,9,2,10,4,7,2,13,8,15,9,14,4,4,5,3,4,5,7,11,15,15,9,2,4,10,8,12,6,6,4,7,14,7,9,14,13,12,3,6,15,2,4,13,12,9,12,13,5,4,13,5,2,2,4,15,2,14,6,12,6,2,10,6,12,15,15,15,7,13,11,13,14,15,13,14,3,11,13,13,10,12,12,10,14,6,14,8,5,9,3,3,4,9,15,15,11,3,4,14,13,11,8,9,14,8,6,6,12,7,5,14,14,15,6,9,3,12,12,13,15,14,3,9,6,13,11,5,13,11,3,15,4,2,13,4,8,7,14,9,8,14,13,12,14,3,6,12,5,12,7,10,15,11,6,9,6,4,6,10,11,4,14,12,11,6,7,2,6,15,13,2,8,8,5,13,3,9,9,7,2,12,15,2,12,4,3,11,10,9,4,13,3,10,6,11,13,13,12,14,15,13,6,13,2,2,9,7,6,4,14,12,9,2,7,11,3,5,7,14,4,2,4,2,9,2,11,3,11,2,7,6,15,8,9,12,8,15,14,6,11,3,3,14,3,3,3,13,14,12,3,2,2,11,5,3,6,13,4,3,7,9,12,5,6,6,7,7,3,6,4,6,15,12,12,6,14,15,14,8,14,8,6,3,11,9,6,10,10,13,8,12,13,3,9,2,8,9,2,10,8,7,8,4,13,5,8,13,15,5,14,7,10,11,13,14,3,8,2,7,8,6,11,4,11,8,14,11,11,6,14,14,12,6,10,4,10,13,15,9,5,3,6,12,10,10,13,4,3,6,5,13,9,9,12,12,15,2,3,7,15,5,13,15,12,2,12,15,15,4,7,9,10,5,11,7,5,14,13,5,3,11,7,5,3,8,2,4,13,6,13,8,6,10,9,15,15,3,5,14,9,12,11,3,13,2,4,13,15,13,13,6,14,11,4,15,8,13,9,13,7,4,6,12,7,7,2,6,7,14,12,12,5,13,5,15,3,8,4,8,7,6,14,12,12,11,14,7,9,8,5,10,9,7,15,11,5,10,11,11,3,13,14,6,3,6,12,4,3,2,8,10,2,12,10,2,10,11,13,14,2,10,6,5,14,15,2,10,12,6,3,14,8,6,15,5,6,15,9,14,6,9,2,11,8,2,3,12,13,9,8,10,10,9,11,14,2,14,14,8,8,13,12,15,15,6,10,6,14,8,10,13,13,10,2,8,14,3,8,14,4,5,6,6,5,5,10,7,3,6,12,2,13,9,15,2,13,13,11,4,4,13,9,3,2,7,11,5,15,7,4,10,3,13,13,6,14,2,11,10,3,9,3,10,12,2,15,11,5,7,6,6,7,12,4,6,7,12,9,10,2,10,5,14,11,12,7,15,5,7,13,15,15,9,7,5,7,11,4,4,4,13,14,11,14,15,15,2,11,6,5,15,6,3,13,2,13,2,10,2,6,15,11,2,9,14,3,4,10,13,7,14,3,7,7,5,15,10,9,6,15,9,13,6,2,12,4,9,2,15,6,8,5,14,10,2,9,2,11,8,13,13,3,4,15,11,5,6,4,10,13,15,4,9,10,14,8,7,9,10,7,7,12,5,12,9,8,2,11,15,12,6,3,5,2,10,2,7,3,3,4,9,6,10,11,3,2,8,14,10,7,7,9,3,12,2,14,11,5,8,14,8,10,7,5,10,7,12,5,9,13,4,2,2,4,4,13,3,13,12,8,13,4,10,7,15,2,3,3,7,10,3,13,14,7,2,15,14,13,14,8,5,3,11,6,2,3,13,10,3,9,3,5,15,13,12,4,9,8,13,7,7,11,14,7,5,13,10,7,8,8,5,4,9,13,15,3,2,5,2,11,6,7,10,10,10,11,13,7,9,3,13,13,4,8,3,10,13,3,7,10,14,7,14,7,8,3,14,3,15,11,4,2,12,13,7,4,3,11,3,8,12,4,13,3,10,13,15,11,15,4,4,6,6,9,4,10,11,13,3,4,13,2,12,2,6,10,7,2,9,9,8,6,14,2,14,14,12,14,7,13,9,9,12,11,8,13,10,11,14,15,3,14,9,3,13,7,6,10,7,4,10,11,8,6,8,15,8,9,5,2,6,6,10,6,5,6,6,15,5,2,5,12,6,5,7,7,10,7,13,3,12,13,13,7,9,6,9,4,3,14,13,15,9,12,13,14,6,4,3,5,15,9,5,8,10,13,15,11,12,11,9,12,7,8,13,11,13,3,5,4,14,14,3,9,6,7,14,12,10,5,10,2,15,8,11,10,9,3,14,13,14,5,15,15,3,13,3,13,3,4,14,5,2,5,3,11,3,12,10,10,2,8,11,11,11,12,5,5,15,3,6,14,5,15,6,14,2,10,2,8,14,4,2,12,14,2,15,12,14,12,3,6,9,13,2,13,14,8,10,4,8,14,9,5,15,14,5,13,9,11,2,10,8,10,13,4,10,8,9,13,13,5,13,2,9,8,10,11,9,12,4,4,6,14,6,7,10,10,13,3,12,5,13,3,13,9,2,3,6,12,5,4,5,7,9,14,9,7,2,9,3,7,8,14,3,7,2,3,14,3,2,12,15,3,15,5,10,6,8,8,14,11,11,13,14,4,5,5,15,2,6,3,9,2,6,13,13,10,8,4,7,6,5,4,9,10,5,15,10,2,3,14,14,5,3,4,10,8,5,3,12,5,9,9,6,2,6,5,7,4,9,14,10,14,12,14,6,14,11,10,3,7,3,13,3,5,12,5,5,4,5,7,4,14,7,8,7,5,15,12,7,10,7,6,4,7,2,11,7,15,5,4,8,15,7,6,13,3,6,2,12,15,6,15,2,14,6,9,13,13,13,12,6,14,13,8,9,5,10,11,2,5,2,11,9,5,5,15,13,9,10,12,5,5,5,15,9,13,5,14,8,2,11,14,10,7,5,4,13,8,9,3,9,11,13,3,2,4,11,2,4,4,13,2,6,4,13,8,2,6,8,11,15,8,10,6,13,5,8,2,6,8,9,11,6,7,10,10,4,6,14,15,15,2,3,2,2,5,14,8,3,12,7,2,10,9,14,2,9,12,5,14,6,9,13,5,8,14,7,14,9,2,10,7,2,8,6,13,13,8,4,9,8,14,11,10,13,13,15,5,15,9,14,13,15,11,7,7,11,10,9,5,9,3,15,3,14,4,14,15,7,7,7,8,8,8,5,15,14,5,2,3,7,15,15,13,6,6,15,12,3,10,14,5,3,4,10,11,8,13,14,11,15,10,13,3,6,14,12,3,15,10,13,4,11,12,9,5,14,6,12,2,4,8,11,12,5,6,3,6,7,12,11,15,15,13,6,6,13,6,8,12,2,14,5,13,11,8,2,6,14,3,14,4,10,8,6,13,8,9,11,3,3,13,5,5,14,14,11,4,5,11,3,14,5,5,3,6,6,11,11,5,2,10,6,6,9,11,5,10,15,7,5,15,9,9,6,8,5,9,9,12,7,4,14,3,5,2,6,13,13,2,7,5,2,5,12,6,9,9,2,14,11,9,5,13,14,12,12,15,8,8,3,6,15,6,2,8,2,5,3,7,6,11,15,2,11,11,11,9,13,13,4,3,10,9,13,3,15,13,8,12,9,12,7,7,4,6,15,6,15,12,8,9,8,13,11,3,3,10,11,15,14,11,5,9,12,7,11,14,5,3,6,7,9,8,8,7,5,9,8,5,11,9,9,5,4,8,13,3,9,5,14,10,8,5,4,7,9,11,8,4,8,15,6,13,10,4,13,6,15,8,2,10,10,9,7,2,9,13,9,15,4,2,7,7,4,5,13,3,10,9,8,13,12,11,7,3,12,4,14,12,11,5,2,9,14,4,6,3,12,6,4,3,9,6,10,12,3,11,12,4,8,4,7,11,4,12,3,4,5,8,7,10,14,15,8,10,2,2,3,9,4,8,5,6,12,10,14,15,4,5,11,8,8,6,3,9,3,9,7,14,3,14,8,11,9,7,7,6,13,9,9,15,12,12,13,14,4,15,10,4,13,10,3,4,7,4,3,2,11,6,12,12,9,14,15,11,14,11,14,4,9,2,12,11,4,2,5,12,15,6,12,7,14,14,15,8,6,12,4,15,11,11,9,13,4,2,4,9,14,12,4,4,12,7,9,2,9,7,2,12,12,11,3,12,2,14,9,5,7,8,11,10,4,6,11,8,4,15,2,12,15,11,12,10,11,10,10,3,13,7,5,4,11,11,6,13,10,8,15,13,6,11,5,3,13,6,13,10,3,13,13,10,14,13,8,6,13,15,15,4,2,13,15,15,2,7,15,10,5,7,9,9,12,9,2,4,3,4,14,3,2,10,4,5,14,2,4,14,13,13,8,7,5,9,7,15,4,6,10,6,6,2,6,11,6,9,8,10,10,12,6,12,10,5,13,5,12,2,8,6,9,2,2,5,2,10,14,11,12,5,11,7,10,13,6,5,3,6,8,7,7,5,11,2,14,15,8,7,7,5,5,9,13,2,15,13,11,8,9,15,15,14,3,15,4,3,12,5,12,12,10,15,15,14,8,8,9,2,4,7,6,9,10,10,4,12,9,12,6,13,10,14,7,13,15,2,3,15,10,15,14,12,8,4,5,3,8,3,9,4,3,13,12,6,11,3,11,5,6,15,5,8,8,4,6,4,12,6,15,6,4,13,12,9,3,4,8,12,4,13,11,14,9,14,12,5,9,12,15,8,8,3,11,7,6,5,6,12,2,13,10,13,5,6,12,11,15,4,12,13,4,12,5,7,9,2,15,15,15,8,7,9,14,12,3,8,14,11,3,4,15,4,10,3,11,12,10,13,7,15,5,6,10,5,11,13,2,7,3,7,14,9,4,12,10,10,15,5,5,15,12,13,5,2,9,6,2,11,14,14,10,9,11,12,4,12,9,3,2,5,8,4,4,8,3,3,5,7,6,7,12,13,3,7,7,11,8,10,5,3,4,4,15,7,5,14,7,9,11,9,13,8,11,7,8,8,10,11,6,5,6,9,3,15,6,4,10,14,14,6,12,4,10,7,11,2,5,14,8,3,5,14,14,8,2,3,6,12,2,13,6,9,5,15,6,9,9,3,7,8,13,4,5,9,9,14,12,7,13,9,13,4,14,10,7,9,13,5,13,2,14,5,14,2,13,4,8,9,14,2,14,8,3,8,7,12,7,4,14,9,13,6,14,11,8,2,8,7,9,6,10,7,5,6,2,14,13,14,12,7,8,7,14,15,10,4,6,8,12,10,5,4,15,6,7,7,5,2,12,14,4,10,15,9,7,8,13,12,2,12,14,14,9,2,7,9,5,7,12,15,11,9,8,13,15,4,13,10,8,12,13,15,4,8,3,14,3,14,6,3,6,12,3,10,3,8,15,9,7,9,14,13,15,2,5,11,15,2,3,13,10,3,7,2,14,10,13,3,9,13,3,4,13,15,12,6,6,10,5,7,9,14,3,2,6,14,15,2,9,3,15,14,12,15,13,9,8,12,3,8,13,13,2,10,14,3,11,6,4,5,15,11,8,9,11,6,7,8,6,14,3,8,10,10,10,6,6,11,4,13,3,14,10,8,12,9,11,11,6,12,2,9,8,12,14,4,8,15,8,9,5,14,7,3,4,4,9,13,12,4,6,2,15,15,9,4,14,12,6,8,3,8,12,7,13,14,15,6,10,13,11,11,14,13,15,8,7,10,14,11,13,4,7,3,7,12,14,4,3,11,11,13,7,11,7,12,6,11,3,3,9,15,4,13,10,8,9,9,4,11,5,13,8,6,9,2,11,14,15,6,2,15,10,11,11,12,13,6,14,8,6,11,3,2,11,13,5,5,15,11,8,14,8,15,2,5,11,10,5,10,6,13,4,6,7,14,14,5,14,3,14,4,2,12,2,11,7,12,2,5,14,4,15,4,7,3,4,10,11,12,11,11,4,2,2
Solar5,11,4,7,10,10,8,4,12,5,15,7,7,8,2,14,4,14,8,8,3,4,5,11,9,13,6,14,9,9,11,13,2,11,6,14,12,11,6,7,8,10,13,13,9,10,9,11,15,8,4,5,12,11,2,14,5,8,6,13,5,8,9,10,4,5,3,3,7,7,3,13,5,10,10,8,14,11,4,12,3,15,11,7,7,7,11,2,8,15,11,11,3,14,6,7,15,5,7,3,13,11,15,13,8,15,15,4,2,15,8,14,12,8,6,15,11,9,11,4,9,4,8,10,11,10,12,14,8,5,12,8,3,15,9,13,14,12,7,7,12,4,9,4,11,13,11,9,3,8,10,6,2,2,7,14,11,4,9,15,14,11,12,11,5,8,13,8,9,11,12,4,11,13,8,8,6,11,12,6,3,9,4,8,3,8,4,8,12,4,9,4,4,2,11,6,12,14,4,3,7,15,14,15,15,4,7,9,14,5,3,15,15,15,7,15,9,13,11,11,4,13,14,12,12,7,6,2,8,15,2,8,3,15,5,14,6,2,5,11,13,6,10,5,9,9,10,6,2,10,5,7,8,12,2,13,4,4,2,9,14,7,14,14,13,3,11,14,15,2,9,7,15,5,11,4,7,12,5,10,7,8,11,15,2,6,10,10,10,12,8,7,13,2,3,9,4,6,4,6,11,12,15,15,9,6,5,11,3,12,15,15,10,6,2,9,7,15,14,9,3,3,4,7,7,14,8,14,10,3,14,15,13,8,4,4,11,10,11,14,14,9,14,6,12,9,2,14,2,12,7,6,7,11,13,13,12,12,10,7,6,10,9,3,9,6,15,5,5,13,2,9,8,3,3,2,2,10,10,4,5,6,10,6,14,8,14,12,15,9,6,2,7,10,3,14,7,6,11,14,10,11,12,3,12,8,6,7,14,10,11,6,4,8,13,3,14,2,14,15,10,10,5,12,3,8,14,10,3,7,11,13,9,7,15,13,2,2,5,3,10,2,10,4,4,9,6,11,9,5,9,10,4,5,11,5,5,8,2,3,7,5,14,14,13,5,10,11,10,4,15,12,10,13,2,3,7,6,6,6,14,3,7,7,2,14,3,12,4,2,3,2,11,11,9,7,13,9,9,12,14,9,2,8,12,12,15,9,2,15,7,4,11,9,6,9,8,6,5,11,7,3,2,15,6,13,8,6,9,4,10,10,6,15,4,14,15,14,3,8,12,11,9,15,14,11,13,3,11,4,5,9,3,13,9,6,15,11,10,4,7,12,11,8,12,7,12,6,5,2,11,9,8,9,9,14,5,8,8,14,14,4,13,9,2,14,12,5,7,10,2,5,15,6,13,15,3,8,8,4,5,11,8,12,10,2,9,10,15,11,13,14,15,6,6,4,2,14,3,12,10,9,3,15,5,9,5,5,7,11,14,12,4,6,13,3,3,3,2,3,3,12,3,14,11,2,10,12,8,8,12,15,12,11,11,14,13,7,15,13,3,5,2,7,9,3,9,9,4,12,15,10,14,7,14,5,13,7,8,2,12,11,15,14,10,15,5,4,7,13,8,4,7,9,7,9,12,14,8,14,14,14,3,3,11,6,12,12,12,6,9,10,9,7,2,5,2,15,8,2,14,11,13,5,5,11,11,15,12,15,9,8,5,6,11,8,13,5,15,11,5,9,5,5,4,15,6,11,6,5,7,5,2,7,10,8,14,14,4,15,13,11,14,5,10,13,9,9,10,14,11,5,9,5,12,6,12,13,12,7,14,8,9,15,6,15,8,5,3,10,9,5,10,13,2,14,13,6,2,3,12,13,15,14,15,4,5,3,12,2,6,15,15,12,4,5,10,11,9,2,7,7,7,6,6,9,10,12,15,8,3,12,10,8,12,8,10,2,7,2,6,13,8,15,2,7,4,4,5,9,4,9,6,3,13,4,4,7,10,6,11,4,6,9,3,6,10,10,5,13,7,10,4,14,8,7,9,11,8,7,9,3,6,5,11,8,14,5,15,5,12,7,10,5,5,13,2,14,15,9,6,11,6,13,2,8,8,11,9,15,4,5,7,11,5,3,3,15,2,13,13,15,4,15,8,5,15,3,4,14,3,7,2,3,7,14,6,9,9,15,10,5,10,5,13,10,5,6,5,2,11,6,8,14,3,7,5,10,6,2,10,4,5,4,13,5,3,11,8,14,4,6,9,13,12,2,12,14,11,14,15,2,11,7,2,2,5,15,4,15,9,10,9,11,10,8,10,4,8,10,8,2,2,9,14,13,13,12,5,8,12,13,14,9,3,3,10,4,7,15,9,3,9,14,4,13,4,14,15,13,7,13,12,15,8,10,12,3,15,12,6,3,5,9,11,9,7,8,4,8,8,14,8,4,11,15,10,12,4,14,8,4,14,3,11,10,5,4,9,15,5,10,12,7,7,5,10,8,15,14,8,2,13,14,6,6,5,5,10,7,10,4,8,12,11,15,3,8,7,14,4,7,4,3,13,15,4,11,3,7,15,9,11,11,7,12,14,13,12,11,15,3,5,9,13,12,13,15,14,14,12,14,7,10,6,10,10,11,12,3,6,11,7,5,4,2,13,11,3,8,10,7,11,4,9,4,2,5,14,9,4,13,4,5,9,6,7,12,2,8,12,5,13,13,15,8,13,9,13,8,7,3,14,10,5,15,15,12,4,6,9,12,6,11,12,8,5,8,13,2,15,9,7,9,7,6,14,14,9,11,7,4,13,3,13,11,11,9,15,2,6,2,6,13,10,8,9,2,12,14,13,13,7,13,7,14,15,12,15,7,8,7,11,14,14,11,9,15,8,15,8,3,9,7,13,10,12,9,15,5,15,12,9,10,11,5,2,3,14,15,5,12,13,8,7,14,13,13,14,2,8,7,10,9,11,14,4,15,13,6,12,3,8,6,8,12,10,14,13,9,9,13,8,4,5,10,3,2,15,8,15,15,15,4,9,9,5,14,8,12,12,10,7,13,14,12,8,5,6,12,4,14,7,10,5,9,7,13,12,10,12,9,3,9,4,4,2,15,10,10,2,7,15,15,12,10,4,9,3,2,9,9,9,5,8,10,5,10,12,11,10,2,5,8,15,12,10,8,3,15,9,15,11,12,2,8,8,9,14,2,2,6,5,5,7,13,5,12,7,12,9,12,6,11,2,2,8,4,6,15,9,11,9,14,11,12,14,13,15,8,8,2,4,5,9,9,4,12,12,7,15,13,14,4,12,9,4,7,4,8,13,15,12,7,10,5,13,13,5,12,10,7,15,4,9,10,6,4,10,3,7,10,13,7,6,8,11,13,9,10,5,12,13,7,2,13,6,8,12,12,11,4,15,15,15,2,8,15,9,10,8,2,14,4,13,3,2,6,14,5,6,4,11,12,2,8,11,3,2,2,5,7,5,10,11,5,7,2,12,15,3,4,6,12,6,4,13,7,8,15,11,9,6,6,8,10,14,11,12,11,8,4,2,7,9,2,8,9,3,6,6,11,4,14,14,10,2,5,14,6,10,4,14,14,3,13,9,8,6,9,13,7,15,3,2,9,3,7,7,2,14,9,4,3,15,15,10,8,9,10,5,13,11,5,8,4,9,8,9,12,7,11,4,5,8,8,5,15,7,5,3,12,10,10,6,3,5,7,15,13,2,4,4,13,4,13,9,14,7,7,3,4,10,15,8,2,11,7,3,9,10,6,15,8,6,10,3,3,10,7,12,8,9,11,9,6,12,11,12,6,8,13,10,4,10,5,4,15,8,10,7,12,9,2,12,5,13,14,9,15,10,11,7,15,8,10,2,2,15,5,12,10,2,2,15,8,10,3,12,3,6,9,9,7,3,15,4,5,11,7,12,13,10,3,14,3,3,13,7,10,3,10,4,8,2,5,11,8,7,13,10,5,13,4,6,3,7,10,11,14,4,13,14,11,7,4,3,15,11,7,13,14,6,2,6,7,7,12,12,14,7,5,8,15,4,2,2,15,14,15,8,10,7,4,14,9,2,3,7,13,9,6,8,15,4,2,2,3,10,2,12,2,12,13,14,5,7,6,4,15,15,12,10,10,9,2,15,5,14,11,6,5,7,6,12,11,3,6,9,15,4,12,2,10,8,15,10,4,10,2,9,13,4,4,14,7,6,5,11,3,10,13,15,10,7,2,12,3,11,12,13,9,4,3,12,3,4,14,11,15,5,2,2,5,7,14,12,14,14,2,11,15,13,6,14,2,5,10,2,2,4,2,15,10,9,10,5,15,3,15,11,11,4,2,10,5,2,2,6,4,15,2,5,4,7,14,12,9,3,8,8,11,8,8,7,15,8,3,6,5,14,15,2,6,12,10,15,4,13,9,12,9,5,9,12,9,9,14,8,2,11,10,6,14,12,12,8,3,12,10,5,3,9,13,11,10,8,7,12,15,14,2,7,14,12,9,8,6,2,9,15,4,12,15,3,12,14,5,14,9,8,11,15,14,10,3,15,14,5,2,5,2,7,8,8,5,4,3,6,3,4,15,10,3,11,13,5,9,7,10,8,2,15,10,4,13,12,10,9,12,5,11,11,7,6,4,9,4,6,8,12,8,4,8,12,15,15,10,4,5,12,4,3,15,14,4,2,14,5,10,5,3,6,8,12,2,12,12,15,15,2,8,13,10,12,9,8,8,10,6,4,8,6,8,10,11,7,3,14,13,3,6,7,6,6,14,5,5,2,9,8,13,15,6,5,9,9,3,9,5,8,3,2,15,12,7,3,9,14,14,8,12,6,14,6,13,6,5,6,13,12,14,10,9,12,9,4,4,15,6,7,2,9,13,9,8,14,5,9,15,2,13,10,13,3,11,11,15,12,14,6,11,13,3,15,8,2,8,6,15,15,12,12,6,5,5,15,4,13,2,7,11,8,8,4,5,15,5,5,15,13,5,9,11,3,7,6,6,11,12,13,9,9,15,9,10,9,6,7,6,15,9,2,4,15,15,8,4,13,8,13,7,11,14,14,8,13,11,15,14,8,6,4,8,7,3,12,3,12,5,12,5,14,4,2,3,4,12,4,3,4,9,9,15,11,8,3,7,6,6,15,3,5,5,2,15,10,2,14,9,3,15,8,6,8,3,11,5,14,3,7,12,12,11,11,8,5,5,3,12,8,12,11,14,2,4,4,3,7,10,15,13,7,3,9,4,5,8,8,14,3,9,9,8,11,11,2,10,12,7,6,4,2,9,12,7,14,7,15,2,3,5,2,11,10,8,9,4,4,15,11,10,5,3,2,8,13,10,3,3,5,14,5,8,12,15,5,9,5,15,8,4,4,11,7,12,9,7,15,10,5,8,4,5,12,8,4,10,4,10,7,11,6,5,6,6,3,6,7,14,11,8,2,11,3,11,7,4,5,6,11,2,6,3,15,9,14,8,5,8,11,13,3,11,9,13,10,15,15,15,2,15,14,4,13,2,2,8,13,7,5,6,6,2,7,8,4,5,8,14,5,6,5,5,3,13,13,7,2,5,9,12,15,9,7,4,8,9,15,2,7,13,3,7,12,8,12,11,7,9,13,3,11,15,7,5,14,7,14,8,3,13,13,10,15,8,14,15,5,12,14,11,4,6,5,4,8,8,12,15,12,5,15,13,14,12,12,7,14,14,3,14,14,4,2,2,13,7,8,15,10,2,5,7,13,7,3,14,4,4,14,10,8,7,2,7,6,15,9,11,13,8,2,5,3,7,14,9,7,12,7,8,12,10,15,10,11,10,4,8,9,2,3,10,13,3,10,3,12,4,3,5,12,9,3,7,10,9,12,2,3,14,15,8,2,13,5,13,4,8,5,13,15,7,10,9,15,9,8,7,14,11,15,6,2,9,4,5,14,6,5,4,11,11,11,13,9,3,2,6,2,14,2,12,15,12,2,14,2,6,2,6,14,5,2,3,9,14,12,4,6,15,13,15,2,14,12,4,3,14,13,14,8,3,8,8,3,6,15,15,5,10,14,7,8,13,10,11,15,4,10,12,12,2,2,13,10,12,3,4,12,7,9,15,5,2,7,13,6,14,5,3,9,5,4,11,15,3,4,11,2,2,7,8,4,9,9,2,10,11,2,8,12,3,2,9,12,13,6,14,7,2,14,2,12,7,11,5,14,9,11,12,7,10,9,2,9,7,12,5,9,2,9,12,14,5,15,3,12,2,6,12,8,6,6,7,5,3,15,4,10,3,13,8,15,13,12,5,14,9,11,4,8,3,5,3,15,2,11,14,15,6,3,8,6,9,14,4,14,3,3,9,12,9,10,14,6,15,7,4,11,14,11,12,7,4,13,5,8,15,8,7,13,2,14,10,15,12,9,8,8,14,7,15,10,5,7,8,6,4,9,14,11,15,8,5,12,5,7,2,4,15,13,11,11,8,5,13,10,4,14,6,5,7,11,11,3,13,15,14,12,5,4,8,3,2,9,2,5,4,13,5,9,2,15,5,3,2,4,2,4,9,14,11,15,7,5,6,12,11,15
